-0.0125 3.92699 0 3.53553 3.58699 2.5 0 2.5 2.53638 0 2.53638 204 204 204 0
-0.0124769 3.93135 0 3.52021 3.55845 2.5 0 2.47828 2.52716 0 2.5052 204 204 204 0
-0.0124537 3.93572 0 3.50508 3.51384 2.5 0 2.45674 2.50625 0 2.46288 204 204 204 0
-0.0124306 3.94008 0 3.49015 3.5007 2.5 0 2.43539 2.50756 0 2.44275 204 204 204 0
-0.0124074 3.94444 0 3.47541 3.45736 2.5 0 2.41422 2.48702 0 2.40169 204 204 204 0
-0.0123843 3.94881 0 3.46086 3.48058 2.5 0 2.39323 2.51425 0 2.40687 204 204 204 0
-0.0123611 3.95317 0 3.4465 3.49602 2.5 0 2.37241 2.53592 0 2.4065 204 204 204 0
-0.012338 3.95753 0 3.43232 3.44928 2.5 0 2.35177 2.51235 0 2.36339 204 204 204 0
-0.0123148 3.9619 0 3.41832 3.44648 2.5 0 2.33129 2.52059 0 2.35049 204 204 204 0
-0.0122917 3.96626 0 3.4045 3.39409 2.5 0 2.31098 2.49236 0 2.30391 204 204 204 0
-0.0122685 3.97062 0 3.39085 3.37103 2.5 0 2.29083 2.48539 0 2.27744 204 204 204 0
-0.0122454 3.97499 0 3.37738 3.36369 2.5 0 2.27084 2.48987 0 2.26164 204 204 204 0
-0.0122222 3.97935 0 3.36408 3.33622 2.5 0 2.25101 2.47929 0 2.23236 204 204 204 0
-0.0121991 3.98371 0 3.35095 3.37709 2.5 0 2.23134 2.5195 0 2.24874 204 204 204 0
-0.0121759 3.98808 0 3.33798 3.31758 2.5 0 2.21181 2.48472 0 2.19829 204 204 204 0
-0.0121528 3.99244 0 3.32518 3.33284 2.5 0 2.19244 2.50576 0 2.19749 204 204 204 0
-0.0121296 3.9968 0 3.31253 3.30752 2.5 0 2.17322 2.49622 0 2.16993 204 204 204 0
-0.0121065 4.00117 0 3.30005 3.30479 2.5 0 2.15414 2.50359 0 2.15723 204 204 204 0
-0.0120833 4.00553 0 3.28772 3.36326 2.5 0 2.1352 2.55744 0 2.18426 204 204 204 0
-0.0120602 4.00989 0 3.27554 3.27734 2.5 0 2.11641 2.50137 0 2.11757 204 204 204 0
-0.012037 4.01426 0 3.26352 3.21065 2.5 0 2.09775 2.4595 0 2.06377 204 204 204 0
-0.0120139 4.01862 0 3.25164 3.22112 2.5 0 2.07923 2.47653 0 2.05971 204 204 204 0
-0.0119907 4.02298 0 3.23992 3.23715 2.5 0 2.06084 2.49786 0 2.05908 204 204 204 0
-0.0119676 4.02735 0 3.22834 3.29253 2.5 0 2.04259 2.54971 0 2.0832 204 204 204 0
-0.0119444 4.03171 0 3.2169 3.25316 2.5 0 2.02446 2.52818 0 2.04728 204 204 204 0
-0.0119213 4.03607 0 3.2056 3.18838 2.5 0 2.00646 2.48657 0 1.99568 204 204 204 0
-0.0118981 4.04044 0 3.19445 3.21053 2.5 0 1.98859 2.51259 0 1.9986 204 204 204 0
-0.011875 4.0448 0 3.18343 3.20303 2.5 0 1.97084 2.5154 0 1.98298 204 204 204 0
-0.0118519 4.04916 0 3.17255 3.17247 2.5 0 1.95321 2.49994 0 1.95317 204 204 204 0
-0.0118287 4.05353 0 3.1618 3.17906 2.5 0 1.93571 2.51365 0 1.94628 204 204 204 0
-0.0118056 4.05789 0 3.15118 3.17728 2.5 0 1.91832 2.52071 0 1.93421 204 204 204 0
-0.0117824 4.06225 0 3.1407 3.19072 2.5 0 1.90104 2.53982 0 1.93132 204 204 204 0
-0.0117593 4.06662 0 3.13034 3.14522 2.5 0 1.88389 2.51188 0 1.89284 204 204 204 0
-0.0117361 4.07098 0 3.12011 3.15903 2.5 0 1.86684 2.53119 0 1.89013 204 204 204 0
-0.011713 4.07534 0 3.11001 3.12987 2.5 0 1.8499 2.51597 0 1.86172 204 204 204 0
-0.0116898 4.07971 0 3.10003 3.11031 2.5 0 1.83308 2.5083 0 1.83916 204 204 204 0
-0.0116667 4.08407 0 3.09017 3.05742 2.5 0 1.81636 2.4735 0 1.7971 204 204 204 0
-0.0116435 4.08843 0 3.08043 3.09399 2.5 0 1.79974 2.51101 0 1.80767 204 204 204 0
-0.0116204 4.0928 0 3.07082 3.10286 2.5 0 1.78323 2.52609 0 1.80184 204 204 204 0
-0.0115972 4.09716 0 3.06132 3.06846 2.5 0 1.76683 2.50583 0 1.77095 204 204 204 0
-0.0115741 4.10152 0 3.05194 3.06498 2.5 0 1.75052 2.51069 0 1.758 204 204 204 0
-0.0115509 4.10589 0 3.04267 3.0628 2.5 0 1.73431 2.51654 0 1.74578 204 204 204 0
-0.0115278 4.11025 0 3.03352 3.04181 2.5 0 1.7182 2.50684 0 1.7229 204 204 204 0
-0.0115046 4.11461 0 3.02447 3.05292 2.5 0 1.70219 2.52351 0 1.7182 204 204 204 0
-0.0114815 4.11898 0 3.01555 3.04945 2.5 0 1.68627 2.52811 0 1.70523 204 204 204 0
-0.0114583 4.12334 0 3.00672 3.01088 2.5 0 1.67045 2.50346 0 1.67276 204 204 204 0
-0.0114352 4.1277 0 2.99801 2.97858 2.5 0 1.65471 2.4838 0 1.64399 204 204 204 0
-0.011412 4.13207 0 2.98941 3.00703 2.5 0 1.63907 2.51474 0 1.64874 204 204 204 0
-0.0113889 4.13643 0 2.98091 2.99755 2.5 0 1.62352 2.51395 0 1.63258 204 204 204 0
-0.0113657 4.14079 0 2.97251 2.96797 2.5 0 1.60805 2.49618 0 1.60559 204 204 204 0
-0.0113426 4.14516 0 2.96422 2.99132 2.5 0 1.59268 2.52285 0 1.60723 204 204 204 0
-0.0113194 4.14952 0 2.95603 3.00119 2.5 0 1.57738 2.53819 0 1.60148 204 204 204 0
-0.0112963 4.15388 0 2.94795 3.02728 2.5 0 1.56217 2.56728 0 1.60421 204 204 204 0
-0.0112731 4.15825 0 2.93996 2.99259 2.5 0 1.54705 2.54476 0 1.57474 204 204 204 0
-0.01125 4.16261 0 2.93207 2.92558 2.5 0 1.532 2.49447 0 1.52861 204 204 204 0
-0.0112269 4.16697 0 2.92428 2.88042 2.5 0 1.51704 2.46251 0 1.49429 204 204 204 0
-0.0112037 4.17134 0 2.91658 2.9172 2.5 0 1.50215 2.50053 0 1.50247 204 204 204 0
-0.0111806 4.1757 0 2.90898 2.94151 2.5 0 1.48734 2.52795 0 1.50397 204 204 204 0
-0.0111574 4.18006 0 2.90148 2.924 2.5 0 1.47261 2.5194 0 1.48404 204 204 204 0
-0.0111343 4.18443 0 2.89407 2.90203 2.5 0 1.45796 2.50688 0 1.46197 204 204 204 0
-0.0111111 4.18879 0 2.88675 2.90689 2.5 0 1.44338 2.51744 0 1.45345 204 204 204 0
-0.011088 4.19315 0 2.87952 2.86433 2.5 0 1.42887 2.48681 0 1.42133 204 204 204 0
-0.0110648 4.19752 0 2.87239 2.95376 2.5 0 1.41443 2.57082 0 1.4545 204 204 204 0
-0.0110417 4.20188 0 2.86534 2.83603 2.5 0 1.40007 2.47442 0 1.38574 204 204 204 0
-0.0110185 4.20624 0 2.85839 2.81205 2.5 0 1.38577 2.45947 0 1.36331 204 204 204 0
-0.0109954 4.21061 0 2.85152 2.81792 2.5 0 1.37155 2.47055 0 1.35539 204 204 204 0
-0.0109722 4.21497 0 2.84473 2.8077 2.5 0 1.35739 2.46745 0 1.33972 204 204 204 0
-0.0109491 4.21933 0 2.83804 2.84742 2.5 0 1.3433 2.50826 0 1.34774 204 204 204 0
-0.0109259 4.2237 0 2.83143 2.81899 2.5 0 1.32927 2.48902 0 1.32343 204 204 204 0
-0.0109028 4.22806 0 2.8249 2.8126 2.5 0 1.31531 2.48912 0 1.30959 204 204 204 0
-0.0108796 4.23242 0 2.81845 2.87951 2.5 0 1.30142 2.55416 0 1.32961 204 204 204 0
-0.0108565 4.23679 0 2.81209 2.84509 2.5 0 1.28758 2.52933 0 1.30269 204 204 204 0
-0.0108333 4.24115 0 2.80582 2.78138 2.5 0 1.27381 2.47823 0 1.26272 204 204 204 0
-0.0108102 4.24551 0 2.79962 2.83363 2.5 0 1.2601 2.53038 0 1.27541 204 204 204 0
-0.010787 4.24988 0 2.7935 2.79486 2.5 0 1.24645 2.50121 0 1.24706 204 204 204 0
-0.0107639 4.25424 0 2.78746 2.84113 2.5 0 1.23286 2.54813 0 1.2566 204 204 204 0
-0.0107407 4.2586 0 2.7815 2.76559 2.5 0 1.21933 2.4857 0 1.21236 204 204 204 0
-0.0107176 4.26297 0 2.77562 2.73745 2.5 0 1.20586 2.46562 0 1.18927 204 204 204 0
-0.0106944 4.26733 0 2.76982 2.80217 2.5 0 1.19244 2.5292 0 1.20637 204 204 204 0
-0.0106713 4.27169 0 2.7641 2.79182 2.5 0 1.17908 2.52507 0 1.1909 204 204 204 0
-0.0106481 4.27606 0 2.75844 2.73626 2.5 0 1.16577 2.4799 0 1.15639 204 204 204 0
-0.010625 4.28042 0 2.75287 2.73212 2.5 0 1.15252 2.48116 0 1.14383 204 204 204 0
-0.0106019 4.28478 0 2.74737 2.77335 2.5 0 1.13932 2.52364 0 1.15009 204 204 204 0
-0.0105787 4.28915 0 2.74194 2.76199 2.5 0 1.12617 2.51828 0 1.1344 204 204 204 0
-0.0105556 4.29351 0 2.73659 2.70412 2.5 0 1.11307 2.47033 0 1.09986 204 204 204 0
-0.0105324 4.29787 0 2.73131 2.74911 2.5 0 1.10003 2.51629 0 1.10719 204 204 204 0
-0.0105093 4.30224 0 2.7261 2.75583 2.5 0 1.08703 2.52726 0 1.09888 204 204 204 0
-0.0104861 4.3066 0 2.72097 2.72588 2.5 0 1.07408 2.50452 0 1.07602 204 204 204 0
-0.010463 4.31096 0 2.7159 2.73982 2.5 0 1.06119 2.52202 0 1.07053 204 204 204 0
-0.0104398 4.31533 0 2.71091 2.69323 2.5 0 1.04834 2.4837 0 1.0415 204 204 204 0
-0.0104167 4.31969 0 2.70598 2.72272 2.5 0 1.03553 2.51546 0 1.04194 204 204 204 0
-0.0103935 4.32405 0 2.70112 2.72439 2.5 0 1.02278 2.52154 0 1.03159 204 204 204 0
-0.0103704 4.32842 0 2.69634 2.68967 2.5 0 1.01007 2.49382 0 1.00757 204 204 204 0
-0.0103472 4.33278 0 2.69162 2.68891 2.5 0 0.997399 2.49749 0 0.996397 204 204 204 0
-0.0103241 4.33714 0 2.68697 2.70355 2.5 0 0.984776 2.51543 0 0.990853 204 204 204 0
-0.0103009 4.34151 0 2.68238 2.7475 2.5 0 0.972197 2.56069 0 0.995797 204 204 204 0
-0.0102778 4.34587 0 2.67786 2.66192 2.5 0 0.95966 2.48511 0 0.953946 204 204 204 0
-0.0102546 4.35023 0 2.67341 2.71981 2.5 0 0.947165 2.54339 0 0.963605 204 204 204 0
-0.0102315 4.3546 0 2.66902 2.67147 2.5 0 0.934712 2.50229 0 0.935568 204 204 204 0
-0.0102083 4.35896 0 2.6647 2.69849 2.5 0 0.922299 2.5317 0 0.933994 204 204 204 0
-0.0101852 4.36332 0 2.66044 2.69859 2.5 0 0.909926 2.53585 0 0.922973 204 204 204 0
-0.010162 4.36769 0 2.65625 2.71812 2.5 0 0.897592 2.55823 0 0.918499 204 204 204 0
-0.0101389 4.37205 0 2.65212 2.68486 2.5 0 0.885296 2.53086 0 0.896225 204 204 204 0
-0.0101157 4.37641 0 2.64806 2.65887 2.5 0 0.873039 2.51021 0 0.876604 204 204 204 0
-0.0100926 4.38078 0 2.64405 2.64272 2.5 0 0.860819 2.49874 0 0.860385 204 204 204 0
-0.0100694 4.38514 0 2.64011 2.66469 2.5 0 0.848636 2.52328 0 0.856537 204 204 204 0
-0.0100463 4.3895 0 2.63623 2.66389 2.5 0 0.836488 2.52623 0 0.845264 204 204 204 0
-0.0100231 4.39387 0 2.63241 2.64617 2.5 0 0.824376 2.51307 0 0.828685 204 204 204 0
-0.01 4.39823 0 2.62866 2.64005 2.5 0 0.812299 2.51083 0 0.815819 204 204 204 0
-0.00997685 4.40259 0 2.62496 2.62385 2.5 0 0.800256 2.49895 0 0.799919 204 204 204 0
-0.0099537 4.40696 0 2.62132 2.64608 2.5 0 0.788247 2.52361 0 0.795691 204 204 204 0
-0.00993056 4.41132 0 2.61775 2.64742 2.5 0 0.776271 2.52834 0 0.78507 204 204 204 0
-0.00990741 4.41568 0 2.61423 2.58949 2.5 0 0.764327 2.47634 0 0.757094 204 204 204 0
-0.00988426 4.42005 0 2.61077 2.66104 2.5 0 0.752415 2.54814 0 0.766902 204 204 204 0
-0.00986111 4.42441 0 2.60737 2.61798 2.5 0 0.740534 2.51017 0 0.743546 204 204 204 0
-0.00983796 4.42877 0 2.60403 2.59189 2.5 0 0.728684 2.48834 0 0.725285 204 204 204 0
-0.00981481 4.43314 0 2.60075 2.60501 2.5 0 0.716863 2.5041 0 0.718038 204 204 204 0
-0.00979167 4.4375 0 2.59752 2.63573 2.5 0 0.705073 2.53677 0 0.715444 204 204 204 0
-0.00976852 4.44186 0 2.59436 2.64016 2.5 0 0.693311 2.54414 0 0.705551 204 204 204 0
-0.00974537 4.44623 0 2.59124 2.63108 2.5 0 0.681578 2.53843 0 0.692056 204 204 204 0
-0.00972222 4.45059 0 2.58819 2.65313 2.5 0 0.669873 2.56272 0 0.68668 204 204 204 0
-0.00969907 4.45495 0 2.58519 2.62146 2.5 0 0.658195 2.53508 0 0.66743 204 204 204 0
-0.00967593 4.45932 0 2.58225 2.59888 2.5 0 0.646544 2.5161 0 0.650707 204 204 204 0
-0.00965278 4.46368 0 2.57936 2.64591 2.5 0 0.634919 2.5645 0 0.6513 204 204 204 0
-0.00962963 4.46804 0 2.57653 2.60567 2.5 0 0.62332 2.52827 0 0.630369 204 204 204 0
-0.00960648 4.47241 0 2.57376 2.59876 2.5 0 0.611746 2.52429 0 0.61769 204 204 204 0
-0.00958333 4.47677 0 2.57104 2.56658 2.5 0 0.600197 2.49567 0 0.599157 204 204 204 0
-0.00956019 4.48113 0 2.56837 2.60218 2.5 0 0.588672 2.53291 0 0.59642 204 204 204 0
-0.00953704 4.4855 0 2.56576 2.54329 2.5 0 0.57717 2.4781 0 0.572115 204 204 204 0
-0.00951389 4.48986 0 2.5632 2.6015 2.5 0 0.565692 2.53735 0 0.574144 204 204 204 0
-0.00949074 4.49422 0 2.5607 2.56229 2.5 0 0.554237 2.50156 0 0.554582 204 204 204 0
-0.00946759 4.49859 0 2.55825 2.59834 2.5 0 0.542803 2.53918 0 0.55131 204 204 204 0
-0.00944444 4.50295 0 2.55585 2.52544 2.5 0 0.531391 2.47026 0 0.525069 204 204 204 0
-0.0094213 4.50731 0 2.55351 2.51899 2.5 0 0.520001 2.4662 0 0.512971 204 204 204 0
-0.00939815 4.51168 0 2.55122 2.55652 2.5 0 0.508631 2.50519 0 0.509687 204 204 204 0
-0.009375 4.51604 0 2.54898 2.58501 2.5 0 0.497281 2.53534 0 0.50431 204 204 204 0
-0.00935185 4.5204 0 2.54679 2.55075 2.5 0 0.485951 2.50388 0 0.486705 204 204 204 0
-0.0093287 4.52477 0 2.54466 2.52787 2.5 0 0.47464 2.48351 0 0.471509 204 204 204 0
-0.00930556 4.52913 0 2.54258 2.55779 2.5 0 0.463348 2.51496 0 0.46612 204 204 204 0
-0.00928241 4.53349 0 2.54055 2.55792 2.5 0 0.452074 2.5171 0 0.455166 204 204 204 0
-0.00925926 4.53786 0 2.53857 2.60589 2.5 0 0.440818 2.5663 0 0.452509 204 204 204 0
-0.00923611 4.54222 0 2.53664 2.56608 2.5 0 0.429578 2.52901 0 0.434564 204 204 204 0
-0.00921296 4.54658 0 2.53476 2.57029 2.5 0 0.418356 2.53504 0 0.42422 204 204 204 0
-0.00918981 4.55095 0 2.53294 2.55292 2.5 0 0.407151 2.51973 0 0.410363 204 204 204 0
-0.00916667 4.55531 0 2.53116 2.52641 2.5 0 0.395961 2.4953 0 0.395217 204 204 204 0
-0.00914352 4.55967 0 2.52944 2.53684 2.5 0 0.384787 2.50732 0 0.385913 204 204 204 0
-0.00912037 4.56404 0 2.52777 2.5865 2.5 0 0.373627 2.55809 0 0.382309 204 204 204 0
-0.00909722 4.5684 0 2.52614 2.51477 2.5 0 0.362483 2.48875 0 0.360851 204 204 204 0
-0.00907407 4.57276 0 2.52457 2.51566 2.5 0 0.351352 2.49118 0 0.350112 204 204 204 0
-0.00905093 4.57713 0 2.52305 2.53282 2.5 0 0.340235 2.50969 0 0.341553 204 204 204 0
-0.00902778 4.58149 0 2.52157 2.53992 2.5 0 0.329131 2.51819 0 0.331526 204 204 204 0
-0.00900463 4.58585 0 2.52015 2.50641 2.5 0 0.31804 2.48637 0 0.316306 204 204 204 0
-0.00898148 4.59022 0 2.51877 2.53813 2.5 0 0.306961 2.51922 0 0.309321 204 204 204 0
-0.00895833 4.59458 0 2.51745 2.5502 2.5 0 0.295895 2.53253 0 0.299744 204 204 204 0
-0.00893519 4.59894 0 2.51617 2.51625 2.5 0 0.284839 2.50007 0 0.284848 204 204 204 0
-0.00891204 4.60331 0 2.51495 2.53696 2.5 0 0.273794 2.52188 0 0.276191 204 204 204 0
-0.00888889 4.60767 0 2.51377 2.49237 2.5 0 0.26276 2.47872 0 0.260523 204 204 204 0
-0.00886574 4.61203 0 2.51264 2.58506 2.5 0 0.251737 2.57205 0 0.258992 204 204 204 0
-0.00884259 4.6164 0 2.51156 2.58429 2.5 0 0.240723 2.5724 0 0.247694 204 204 204 0
-0.00881944 4.62076 0 2.51053 2.45448 2.5 0 0.229718 2.44418 0 0.224589 204 204 204 0
-0.0087963 4.62512 0 2.50955 2.52882 2.5 0 0.218721 2.5192 0 0.220401 204 204 204 0
-0.00877315 4.62949 0 2.50862 2.52408 2.5 0 0.207734 2.51542 0 0.209015 204 204 204 0
-0.00875 4.63385 0 2.50773 2.54047 2.5 0 0.196754 2.53264 0 0.199323 204 204 204 0
-0.00872685 4.63821 0 2.50689 2.56342 2.5 0 0.185782 2.55637 0 0.189971 204 204 204 0
-0.0087037 4.64258 0 2.5061 2.51986 2.5 0 0.174817 2.51373 0 0.175777 204 204 204 0
-0.00868056 4.64694 0 2.50536 2.51965 2.5 0 0.163859 2.51426 0 0.164793 204 204 204 0
-0.00865741 4.6513 0 2.50467 2.55356 2.5 0 0.152906 2.5488 0 0.155891 204 204 204 0
-0.00863426 4.65567 0 2.50403 2.55339 2.5 0 0.14196 2.54928 0 0.144759 204 204 204 0
-0.00861111 4.66003 0 2.50343 2.53249 2.5 0 0.13102 2.52901 0 0.13254 204 204 204 0
-0.00858796 4.66439 0 2.50288 2.47554 2.5 0 0.120084 2.47269 0 0.118772 204 204 204 0
-0.00856481 4.66876 0 2.50238 2.51259 2.5 0 0.109152 2.51019 0 0.109597 204 204 204 0
-0.00854167 4.67312 0 2.50193 2.55262 2.5 0 0.0982252 2.55065 0 0.100215 204 204 204 0
-0.00851852 4.67748 0 2.50152 2.53506 2.5 0 0.0873019 2.53351 0 0.0884723 204 204 204 0
-0.00849537 4.68185 0 2.50117 2.5377 2.5 0 0.076382 2.53652 0 0.0774978 204 204 204 0
-0.00847222 4.68621 0 2.50086 2.50774 2.5 0 0.0654646 2.50688 0 0.0656448 204 204 204 0
-0.00844907 4.69057 0 2.5006 2.5449 2.5 0 0.0545501 2.54429 0 0.0555166 204 204 204 0
-0.00842593 4.69494 0 2.50038 2.53408 2.5 0 0.0436376 2.5337 0 0.0442258 204 204 204 0
-0.00840278 4.6993 0 2.50021 2.4944 2.5 0 0.0327268 2.49419 0 0.0326507 204 204 204 0
-0.00837963 4.70366 0 2.5001 2.51568 2.5 0 0.0218172 2.51559 0 0.0219533 204 204 204 0
-0.00835648 4.70803 0 2.50002 2.49386 2.5 0 0.0109082 2.49384 0 0.0108813 204 204 204 0
-0.00833333 4.71239 0 2.5 2.47125 2.5 0 -1.09278e-07 2.47125 0 -1.08022e-07 204 204 204 0
-0.00831019 4.71675 0 2.50002 2.5656 2.5 0 -0.0109084 2.56558 0 -0.0111946 204 204 204 0
-0.00828704 4.72112 0 2.5001 2.5395 2.5 0 -0.0218172 2.53941 0 -0.0221611 204 204 204 0
-0.00826389 4.72548 0 2.50021 2.57353 2.5 0 -0.0327267 2.57331 0 -0.0336864 204 204 204 0
-0.00824074 4.72984 0 2.50038 2.47258 2.5 0 -0.0436378 2.47221 0 -0.0431527 204 204 204 0
-0.00821759 4.73421 0 2.5006 2.5276 2.5 0 -0.0545503 2.527 0 -0.0551395 204 204 204 0
-0.00819444 4.73857 0 2.50086 2.49588 2.5 0 -0.0654648 2.49502 0 -0.0653345 204 204 204 0
-0.0081713 4.74293 0 2.50117 2.49719 2.5 0 -0.0763819 2.49603 0 -0.0762605 204 204 204 0
-0.00814815 4.7473 0 2.50152 2.52297 2.5 0 -0.0873018 2.52144 0 -0.0880504 204 204 204 0
-0.008125 4.75166 0 2.50193 2.52928 2.5 0 -0.0982254 2.52733 0 -0.0992994 204 204 204 0
-0.00810185 4.75602 0 2.50238 2.48336 2.5 0 -0.109152 2.48099 0 -0.108323 204 204 204 0
-0.0080787 4.76039 0 2.50288 2.51427 2.5 0 -0.120084 2.51138 0 -0.12063 204 204 204 0
-0.00805556 4.76475 0 2.50343 2.49649 2.5 0 -0.131019 2.49307 0 -0.130656 204 204 204 0
-0.00803241 4.76911 0 2.50403 2.55644 2.5 0 -0.14196 2.55233 0 -0.144932 204 204 204 0
-0.00800926 4.77348 0 2.50467 2.47809 2.5 0 -0.152907 2.47347 0 -0.151284 204 204 204 0
-0.00798611 4.77784 0 2.50536 2.49421 2.5 0 -0.163859 2.48887 0 -0.163129 204 204 204 0
-0.00796296 4.7822 0 2.5061 2.49459 2.5 0 -0.174817 2.48852 0 -0.174014 204 204 204 0
-0.00793981 4.78657 0 2.50689 2.54852 2.5 0 -0.185782 2.54151 0 -0.188867 204 204 204 0
-0.00791667 4.79093 0 2.50773 2.50126 2.5 0 -0.196754 2.49355 0 -0.196247 204 204 204 0
-0.00789352 4.79529 0 2.50862 2.53035 2.5 0 -0.207734 2.52166 0 -0.209534 204 204 204 0
-0.00787037 4.79966 0 2.50955 2.49292 2.5 0 -0.218722 2.48344 0 -0.217273 204 204 204 0
-0.00784722 4.80402 0 2.51053 2.46319 2.5 0 -0.229718 2.45286 0 -0.225386 204 204 204 0
-0.00782407 4.80838 0 2.51156 2.48455 2.5 0 -0.240723 2.47311 0 -0.238133 204 204 204 0
-0.00780093 4.81275 0 2.51264 2.51378 2.5 0 -0.251737 2.50114 0 -0.251851 204 204 204 0
-0.00777778 4.81711 0 2.51377 2.52174 2.5 0 -0.262761 2.50793 0 -0.263594 204 204 204 0
-0.00775463 4.82147 0 2.51495 2.52088 2.5 0 -0.273795 2.50589 0 -0.27444 204 204 204 0
-0.00773148 4.82584 0 2.51617 2.50504 2.5 0 -0.284839 2.48893 0 -0.283578 204 204 204 0
-0.00770833 4.8302 0 2.51745 2.53905 2.5 0 -0.295894 2.52145 0 -0.298433 204 204 204 0
-0.00768519 4.83456 0 2.51877 2.55875 2.5 0 -0.306962 2.53967 0 -0.311833 204 204 204 0
-0.00766204 4.83893 0 2.52015 2.49382 2.5 0 -0.31804 2.47389 0 -0.314718 204 204 204 0
-0.00763889 4.84329 0 2.52157 2.56141 2.5 0 -0.329131 2.53949 0 -0.334331 204 204 204 0
-0.00761574 4.84765 0 2.52305 2.55611 2.5 0 -0.340235 2.53276 0 -0.344694 204 204 204 0
-0.00759259 4.85202 0 2.52457 2.52547 2.5 0 -0.351352 2.50089 0 -0.351478 204 204 204 0
-0.00756944 4.85638 0 2.52614 2.53581 2.5 0 -0.362483 2.50957 0 -0.36387 204 204 204 0
-0.0075463 4.86074 0 2.52777 2.56307 2.5 0 -0.373628 2.53491 0 -0.378845 204 204 204 0
-0.00752315 4.86511 0 2.52944 2.58454 2.5 0 -0.384787 2.55446 0 -0.39317 204 204 204 0
-0.0075 4.86947 0 2.53116 2.52819 2.5 0 -0.395961 2.49706 0 -0.395496 204 204 204 0
-0.00747685 4.87383 0 2.53294 2.54403 2.5 0 -0.407151 2.51094 0 -0.408933 204 204 204 0
-0.0074537 4.8782 0 2.53476 2.58127 2.5 0 -0.418357 2.54587 0 -0.426032 204 204 204 0
-0.00743056 4.88256 0 2.53664 2.55627 2.5 0 -0.429579 2.51934 0 -0.432903 204 204 204 0
-0.00740741 4.88692 0 2.53857 2.59646 2.5 0 -0.440817 2.55702 0 -0.450871 204 204 204 0
-0.00738426 4.89129 0 2.54055 2.57045 2.5 0 -0.452074 2.52943 0 -0.457396 204 204 204 0
-0.00736111 4.89565 0 2.54258 2.53428 2.5 0 -0.463347 2.49185 0 -0.461836 204 204 204 0
-0.00733796 4.90001 0 2.54466 2.57763 2.5 0 -0.47464 2.53239 0 -0.48079 204 204 204 0
-0.00731481 4.90438 0 2.54679 2.55251 2.5 0 -0.485951 2.50561 0 -0.487042 204 204 204 0
-0.00729167 4.90874 0 2.54898 2.55762 2.5 0 -0.497281 2.50847 0 -0.498967 204 204 204 0
-0.00726852 4.9131 0 2.55122 2.57521 2.5 0 -0.508631 2.52351 0 -0.513415 204 204 204 0
-0.00724537 4.91747 0 2.55351 2.5406 2.5 0 -0.520001 2.48736 0 -0.517372 204 204 204 0
-0.00722222 4.92183 0 2.55585 2.56003 2.5 0 -0.531392 2.50409 0 -0.532261 204 204 204 0
-0.00719907 4.92619 0 2.55825 2.54879 2.5 0 -0.542803 2.49075 0 -0.540795 204 204 204 0
-0.00717593 4.93056 0 2.5607 2.55924 2.5 0 -0.554237 2.49857 0 -0.55392 204 204 204 0
-0.00715278 4.93492 0 2.5632 2.54409 2.5 0 -0.565692 2.48136 0 -0.561475 204 204 204 0
-0.00712963 4.93928 0 2.56576 2.58695 2.5 0 -0.577171 2.52064 0 -0.581936 204 204 204 0
-0.00710648 4.94365 0 2.56837 2.5903 2.5 0 -0.588672 2.52135 0 -0.593699 204 204 204 0
-0.00708333 4.94801 0 2.57104 2.59825 2.5 0 -0.600197 2.52646 0 -0.606549 204 204 204 0
-0.00706019 4.95237 0 2.57376 2.60553 2.5 0 -0.611746 2.53086 0 -0.619297 204 204 204 0
-0.00703704 4.95674 0 2.57653 2.59087 2.5 0 -0.62332 2.51391 0 -0.626789 204 204 204 0
-0.00701389 4.9611 0 2.57936 2.55396 2.5 0 -0.634919 2.47538 0 -0.628666 204 204 204 0
-0.00699074 4.96546 0 2.58225 2.59021 2.5 0 -0.646544 2.50771 0 -0.648537 204 204 204 0
-0.00696759 4.96983 0 2.58519 2.64587 2.5 0 -0.658195 2.55868 0 -0.673645 204 204 204 0
-0.00694444 4.97419 0 2.58819 2.57305 2.5 0 -0.669873 2.48537 0 -0.665954 204 204 204 0
-0.0069213 4.97855 0 2.59124 2.60916 2.5 0 -0.681578 2.51728 0 -0.686289 204 204 204 0
-0.00689815 4.98292 0 2.59436 2.63501 2.5 0 -0.693312 2.53918 0 -0.704176 204 204 204 0
-0.006875 4.98728 0 2.59752 2.5827 2.5 0 -0.705073 2.48573 0 -0.70105 204 204 204 0
-0.00685185 4.99164 0 2.60075 2.62224 2.5 0 -0.716864 2.52066 0 -0.722786 204 204 204 0
-0.0068287 4.99601 0 2.60403 2.6002 2.5 0 -0.728683 2.49632 0 -0.727612 204 204 204 0
-0.00680556 5.00037 0 2.60737 2.63601 2.5 0 -0.740534 2.52746 0 -0.748666 204 204 204 0
-0.00678241 5.00473 0 2.61077 2.61092 2.5 0 -0.752415 2.50015 0 -0.752459 204 204 204 0
-0.00675926 5.00909 0 2.61423 2.62624 2.5 0 -0.764327 2.51149 0 -0.767839 204 204 204 0
-0.00673611 5.01346 0 2.61775 2.73958 2.5 0 -0.776271 2.61636 0 -0.8124 204 204 204 0
-0.00671296 5.01782 0 2.62132 2.64959 2.5 0 -0.788247 2.52696 0 -0.796746 204 204 204 0
-0.00668981 5.02218 0 2.62496 2.57988 2.5 0 -0.800256 2.45707 0 -0.786514 204 204 204 0
-0.00666667 5.02655 0 2.62866 2.58523 2.5 0 -0.812299 2.4587 0 -0.798882 204 204 204 0
-0.00664352 5.03091 0 2.63241 2.62833 2.5 0 -0.824377 2.49612 0 -0.823097 204 204 204 0
-0.00662037 5.03527 0 2.63623 2.63456 2.5 0 -0.836488 2.49841 0 -0.835958 204 204 204 0
-0.00659722 5.03964 0 2.64011 2.63086 2.5 0 -0.848636 2.49124 0 -0.845661 204 204 204 0
-0.00657407 5.044 0 2.64405 2.64477 2.5 0 -0.860819 2.50068 0 -0.861054 204 204 204 0
-0.00655093 5.04836 0 2.64806 2.69519 2.5 0 -0.873039 2.54449 0 -0.888577 204 204 204 0
-0.00652778 5.05273 0 2.65212 2.67893 2.5 0 -0.885296 2.52527 0 -0.894245 204 204 204 0
-0.00650463 5.05709 0 2.65625 2.73743 2.5 0 -0.897592 2.5764 0 -0.925023 204 204 204 0
-0.00648148 5.06145 0 2.66044 2.69483 2.5 0 -0.909926 2.53231 0 -0.921687 204 204 204 0
-0.00645833 5.06582 0 2.6647 2.69579 2.5 0 -0.922299 2.52917 0 -0.93306 204 204 204 0
-0.00643519 5.07018 0 2.66902 2.70814 2.5 0 -0.934712 2.53664 0 -0.948412 204 204 204 0
-0.00641204 5.07454 0 2.67341 2.73262 2.5 0 -0.947165 2.55537 0 -0.968142 204 204 204 0
-0.00638889 5.07891 0 2.67786 2.72064 2.5 0 -0.95966 2.53993 0 -0.974989 204 204 204 0
-0.00636574 5.08327 0 2.68238 2.63928 2.5 0 -0.972197 2.45983 0 -0.956574 204 204 204 0
-0.00634259 5.08763 0 2.68697 2.68678 2.5 0 -0.984776 2.49982 0 -0.984707 204 204 204 0
-0.00631944 5.092 0 2.69162 2.70494 2.5 0 -0.997399 2.51238 0 -1.00234 204 204 204 0
-0.0062963 5.09636 0 2.69634 2.68943 2.5 0 -1.01007 2.4936 0 -1.00748 204 204 204 0
-0.00627315 5.10072 0 2.70112 2.71235 2.5 0 -1.02278 2.51039 0 -1.02703 204 204 204 0
-0.00625 5.10509 0 2.70598 2.72962 2.5 0 -1.03553 2.52184 0 -1.04458 204 204 204 0
-0.00622685 5.10945 0 2.71091 2.7463 2.5 0 -1.04834 2.53264 0 -1.06203 204 204 204 0
-0.0062037 5.11381 0 2.7159 2.69853 2.5 0 -1.06119 2.48401 0 -1.0544 204 204 204 0
-0.00618056 5.11818 0 2.72097 2.76481 2.5 0 -1.07408 2.54028 0 -1.09139 204 204 204 0
-0.00615741 5.12254 0 2.7261 2.73712 2.5 0 -1.08703 2.5101 0 -1.09142 204 204 204 0
-0.00613426 5.1269 0 2.73131 2.77805 2.5 0 -1.10003 2.54278 0 -1.11885 204 204 204 0
-0.00611111 5.13127 0 2.73659 2.75804 2.5 0 -1.11307 2.51959 0 -1.1218 204 204 204 0
-0.00608796 5.13563 0 2.74194 2.76878 2.5 0 -1.12617 2.52447 0 -1.13719 204 204 204 0
-0.00606481 5.13999 0 2.74737 2.69003 2.5 0 -1.13932 2.44782 0 -1.11554 204 204 204 0
-0.00604167 5.14436 0 2.75287 2.73161 2.5 0 -1.15252 2.48069 0 -1.14361 204 204 204 0
-0.00601852 5.14872 0 2.75844 2.77162 2.5 0 -1.16577 2.51194 0 -1.17134 204 204 204 0
-0.00599537 5.15308 0 2.7641 2.75704 2.5 0 -1.17908 2.49362 0 -1.17607 204 204 204 0
-0.00597222 5.15745 0 2.76982 2.76162 2.5 0 -1.19244 2.4926 0 -1.18891 204 204 204 0
-0.00594907 5.16181 0 2.77562 2.78045 2.5 0 -1.20586 2.50435 0 -1.20795 204 204 204 0
-0.00592593 5.16617 0 2.7815 2.80364 2.5 0 -1.21933 2.51989 0 -1.22903 204 204 204 0
-0.00590278 5.17054 0 2.78746 2.81189 2.5 0 -1.23286 2.52191 0 -1.24367 204 204 204 0
-0.00587963 5.1749 0 2.7935 2.80422 2.5 0 -1.24645 2.5096 0 -1.25124 204 204 204 0
-0.00585648 5.17926 0 2.79962 2.77962 2.5 0 -1.2601 2.48214 0 -1.2511 204 204 204 0
-0.00583333 5.18363 0 2.80582 2.83839 2.5 0 -1.27381 2.52902 0 -1.2886 204 204 204 0
-0.00581019 5.18799 0 2.81209 2.81081 2.5 0 -1.28758 2.49886 0 -1.287 204 204 204 0
-0.00578704 5.19235 0 2.81845 2.79365 2.5 0 -1.30142 2.478 0 -1.28996 204 204 204 0
-0.00576389 5.19672 0 2.8249 2.79758 2.5 0 -1.31531 2.47582 0 -1.30259 204 204 204 0
-0.00574074 5.20108 0 2.83143 2.82217 2.5 0 -1.32927 2.49183 0 -1.32493 204 204 204 0
-0.00571759 5.20544 0 2.83804 2.82954 2.5 0 -1.3433 2.49251 0 -1.33927 204 204 204 0
-0.00569444 5.20981 0 2.84473 2.90662 2.5 0 -1.35739 2.55438 0 -1.38692 204 204 204 0
-0.0056713 5.21417 0 2.85152 2.88661 2.5 0 -1.37155 2.53077 0 -1.38843 204 204 204 0
-0.00564815 5.21853 0 2.85839 2.87606 2.5 0 -1.38577 2.51546 0 -1.39434 204 204 204 0
-0.005625 5.2229 0 2.86534 2.85767 2.5 0 -1.40007 2.4933 0 -1.39632 204 204 204 0
-0.00560185 5.22726 0 2.87239 2.94536 2.5 0 -1.41443 2.56351 0 -1.45037 204 204 204 0
-0.0055787 5.23162 0 2.87953 2.89303 2.5 0 -1.42887 2.51172 0 -1.43557 204 204 204 0
-0.00555556 5.23599 0 2.88675 2.85727 2.5 0 -1.44338 2.47447 0 -1.42864 204 204 204 0
-0.00553241 5.24035 0 2.89407 2.90432 2.5 0 -1.45796 2.50885 0 -1.46312 204 204 204 0
-0.00550926 5.24471 0 2.90148 2.92432 2.5 0 -1.47261 2.51968 0 -1.4842 204 204 204 0
-0.00548611 5.24908 0 2.90898 2.92675 2.5 0 -1.48734 2.51527 0 -1.49643 204 204 204 0
-0.00546296 5.25344 0 2.91658 2.92506 2.5 0 -1.50215 2.50727 0 -1.50652 204 204 204 0
-0.00543981 5.2578 0 2.92428 2.94256 2.5 0 -1.51704 2.51563 0 -1.52652 204 204 204 0
-0.00541667 5.26217 0 2.93207 2.98767 2.5 0 -1.532 2.5474 0 -1.56105 204 204 204 0
-0.00539352 5.26653 0 2.93996 2.92167 2.5 0 -1.54705 2.48444 0 -1.53742 204 204 204 0
-0.00537037 5.27089 0 2.94795 2.96432 2.5 0 -1.56217 2.51389 0 -1.57085 204 204 204 0
-0.00534722 5.27526 0 2.95603 2.94558 2.5 0 -1.57738 2.49116 0 -1.57181 204 204 204 0
-0.00532407 5.27962 0 2.96422 2.9554 2.5 0 -1.59268 2.49256 0 -1.58793 204 204 204 0
-0.00530093 5.28398 0 2.97251 3.02357 2.5 0 -1.60805 2.54294 0 -1.63567 204 204 204 0
-0.00527778 5.28835 0 2.98091 3.03926 2.5 0 -1.62352 2.54894 0 -1.6553 204 204 204 0
-0.00525463 5.29271 0 2.98941 3.01905 2.5 0 -1.63907 2.52479 0 -1.65533 204 204 204 0
-0.00523148 5.29707 0 2.99801 2.95921 2.5 0 -1.65471 2.46764 0 -1.6333 204 204 204 0
-0.00520833 5.30144 0 3.00672 3.04084 2.5 0 -1.67045 2.52837 0 -1.6894 204 204 204 0
-0.00518519 5.3058 0 3.01554 3.00506 2.5 0 -1.68627 2.49131 0 -1.68041 204 204 204 0
-0.00516204 5.31016 0 3.02448 3.08189 2.5 0 -1.70219 2.54746 0 -1.7345 204 204 204 0
-0.00513889 5.31453 0 3.03352 3.06455 2.5 0 -1.7182 2.52558 0 -1.73578 204 204 204 0
-0.00511574 5.31889 0 3.04267 3.02229 2.5 0 -1.73431 2.48326 0 -1.7227 204 204 204 0
-0.00509259 5.32325 0 3.05194 3.11517 2.5 0 -1.75052 2.5518 0 -1.78679 204 204 204 0
-0.00506944 5.32762 0 3.06132 3.05988 2.5 0 -1.76683 2.49882 0 -1.76599 204 204 204 0
-0.0050463 5.33198 0 3.07082 3.09773 2.5 0 -1.78323 2.52191 0 -1.79886 204 204 204 0
-0.00502315 5.33634 0 3.08043 3.10058 2.5 0 -1.79974 2.51635 0 -1.81151 204 204 204 0
-0.005 5.34071 0 3.09017 3.12337 2.5 0 -1.81636 2.52686 0 -1.83587 204 204 204 0
-0.00497685 5.34507 0 3.10003 3.13753 2.5 0 -1.83308 2.53025 0 -1.85525 204 204 204 0
-0.0049537 5.34943 0 3.11001 3.1173 2.5 0 -1.8499 2.50586 0 -1.85424 204 204 204 0
-0.00493056 5.3538 0 3.12011 3.12624 2.5 0 -1.86684 2.50491 0 -1.87051 204 204 204 0
-0.00490741 5.35816 0 3.13034 3.15173 2.5 0 -1.88389 2.51708 0 -1.89676 204 204 204 0
-0.00488426 5.36252 0 3.1407 3.1831 2.5 0 -1.90104 2.53376 0 -1.92671 204 204 204 0
-0.00486111 5.36689 0 3.15118 3.10056 2.5 0 -1.91832 2.45984 0 -1.8875 204 204 204 0
-0.00483796 5.37125 0 3.1618 3.15392 2.5 0 -1.93571 2.49377 0 -1.93088 204 204 204 0
-0.00481481 5.37561 0 3.17255 3.20754 2.5 0 -1.95321 2.52758 0 -1.97476 204 204 204 0
-0.00479167 5.37998 0 3.18343 3.18564 2.5 0 -1.97084 2.50173 0 -1.97221 204 204 204 0
-0.00476852 5.38434 0 3.19445 3.23136 2.5 0 -1.98859 2.52889 0 -2.01157 204 204 204 0
-0.00474537 5.3887 0 3.2056 3.24359 2.5 0 -2.00646 2.52963 0 -2.03024 204 204 204 0
-0.00472222 5.39307 0 3.2169 3.21283 2.5 0 -2.02446 2.49684 0 -2.0219 204 204 204 0
-0.00469907 5.39743 0 3.22834 3.20577 2.5 0 -2.04259 2.48252 0 -2.02831 204 204 204 0
-0.00467593 5.40179 0 3.23992 3.2244 2.5 0 -2.06084 2.48802 0 -2.05097 204 204 204 0
-0.00465278 5.40616 0 3.25164 3.2133 2.5 0 -2.07923 2.47052 0 -2.05471 204 204 204 0
-0.00462963 5.41052 0 3.26352 3.30332 2.5 0 -2.09775 2.53049 0 -2.12333 204 204 204 0
-0.00460648 5.41488 0 3.27554 3.28409 2.5 0 -2.11641 2.50652 0 -2.12193 204 204 204 0
-0.00458333 5.41925 0 3.28772 3.27835 2.5 0 -2.1352 2.49288 0 -2.12912 204 204 204 0
-0.00456019 5.42361 0 3.30005 3.30793 2.5 0 -2.15414 2.50597 0 -2.15928 204 204 204 0
-0.00453704 5.42797 0 3.31253 3.27578 2.5 0 -2.17322 2.47226 0 -2.1491 204 204 204 0
-0.00451389 5.43234 0 3.32518 3.38594 2.5 0 -2.19244 2.54568 0 -2.2325 204 204 204 0
-0.00449074 5.4367 0 3.33798 3.36316 2.5 0 -2.21181 2.51886 0 -2.2285 204 204 204 0
-0.00446759 5.44106 0 3.35095 3.40513 2.5 0 -2.23134 2.54042 0 -2.26741 204 204 204 0
-0.00444444 5.44543 0 3.36408 3.38 2.5 0 -2.25101 2.51183 0 -2.26166 204 204 204 0
-0.0044213 5.44979 0 3.37738 3.38354 2.5 0 -2.27084 2.50456 0 -2.27498 204 204 204 0
-0.00439815 5.45415 0 3.39085 3.40682 2.5 0 -2.29083 2.51177 0 -2.30162 204 204 204 0
-0.004375 5.45852 0 3.4045 3.38906 2.5 0 -2.31098 2.48866 0 -2.3005 204 204 204 0
-0.00435185 5.46288 0 3.41832 3.39491 2.5 0 -2.33129 2.48288 0 -2.31532 204 204 204 0
-0.0043287 5.46724 0 3.43232 3.46396 2.5 0 -2.35176 2.52305 0 -2.37345 204 204 204 0
-0.00430556 5.47161 0 3.4465 3.46073 2.5 0 -2.37241 2.51033 0 -2.38221 204 204 204 0
-0.00428241 5.47597 0 3.46086 3.47833 2.5 0 -2.39323 2.51262 0 -2.40531 204 204 204 0
-0.00425926 5.48033 0 3.47541 3.52364 2.5 0 -2.41422 2.53469 0 -2.44773 204 204 204 0
-0.00423611 5.4847 0 3.49015 3.47117 2.5 0 -2.43539 2.48641 0 -2.42215 204 204 204 0
-0.00421296 5.48906 0 3.50508 3.54221 2.5 0 -2.45674 2.52648 0 -2.48277 204 204 204 0
-0.00418981 5.49342 0 3.52021 3.54885 2.5 0 -2.47828 2.52034 0 -2.49844 204 204 204 0
-0.00416667 5.49779 0 3.53553 3.54865 2.5 0 -2.5 2.50928 0 -2.50928 204 204 204 0
-0.00414352 5.50215 0 3.52021 3.54475 2.47828 0 -2.5 2.49555 0 -2.51743 204 204 204 0
-0.00412037 5.50651 0 3.50508 3.53905 2.45674 0 -2.5 2.48056 0 -2.52423 204 204 204 0
-0.00409722 5.51088 0 3.49015 3.49312 2.43539 0 -2.5 2.43747 0 -2.50213 204 204 204 0
-0.00407407 5.51524 0 3.47541 3.49803 2.41422 0 -2.5 2.42994 0 -2.51627 204 204 204 0
-0.00405093 5.5196 0 3.46086 3.47772 2.39323 0 -2.5 2.40489 0 -2.51218 204 204 204 0
-0.00402778 5.52397 0 3.4465 3.46222 2.37241 0 -2.5 2.38323 0 -2.51141 204 204 204 0
-0.00400463 5.52833 0 3.43232 3.45088 2.35176 0 -2.5 2.36449 0 -2.51352 204 204 204 0
-0.00398148 5.53269 0 3.41832 3.38712 2.33129 0 -2.5 2.31001 0 -2.47719 204 204 204 0
-0.00395833 5.53706 0 3.4045 3.37904 2.31098 0 -2.5 2.29369 0 -2.4813 204 204 204 0
-0.00393519 5.54142 0 3.39085 3.38043 2.29083 0 -2.5 2.28379 0 -2.49232 204 204 204 0
-0.00391204 5.54578 0 3.37738 3.40846 2.27084 0 -2.5 2.29174 0 -2.52301 204 204 204 0
-0.00388889 5.55015 0 3.36408 3.3695 2.25101 0 -2.5 2.25463 0 -2.50402 204 204 204 0
-0.00386574 5.55451 0 3.35095 3.36552 2.23134 0 -2.5 2.24104 0 -2.51087 204 204 204 0
-0.00384259 5.55887 0 3.33798 3.32667 2.21181 0 -2.5 2.20432 0 -2.49153 204 204 204 0
-0.00381944 5.56324 0 3.32518 3.28665 2.19244 0 -2.5 2.16704 0 -2.47103 204 204 204 0
-0.0037963 5.5676 0 3.31253 3.35239 2.17322 0 -2.5 2.19937 0 -2.53008 204 204 204 0
-0.00377315 5.57196 0 3.30005 3.35723 2.15414 0 -2.5 2.19147 0 -2.54332 204 204 204 0
-0.00375 5.57633 0 3.28772 3.28814 2.1352 0 -2.5 2.13548 0 -2.50032 204 204 204 0
-0.00372685 5.58069 0 3.27554 3.34782 2.11641 0 -2.5 2.16311 0 -2.55517 204 204 204 0
-0.0037037 5.58505 0 3.26352 3.25007 2.09775 0 -2.5 2.0891 0 -2.4897 204 204 204 0
-0.00368056 5.58942 0 3.25164 3.31223 2.07923 0 -2.5 2.11797 0 -2.54658 204 204 204 0
-0.00365741 5.59378 0 3.23992 3.20558 2.06084 0 -2.5 2.039 0 -2.4735 204 204 204 0
-0.00363426 5.59814 0 3.22834 3.24804 2.04259 0 -2.5 2.05505 0 -2.51526 204 204 204 0
-0.00361111 5.60251 0 3.2169 3.26079 2.02446 0 -2.5 2.05208 0 -2.53411 204 204 204 0
-0.00358796 5.60687 0 3.2056 3.18821 2.00646 0 -2.5 1.99558 0 -2.48644 204 204 204 0
-0.00356481 5.61123 0 3.19445 3.18621 1.98859 0 -2.5 1.98346 0 -2.49355 204 204 204 0
-0.00354167 5.6156 0 3.18343 3.20274 1.97084 0 -2.5 1.9828 0 -2.51517 204 204 204 0
-0.00351852 5.61996 0 3.17255 3.15153 1.95321 0 -2.5 1.94028 0 -2.48344 204 204 204 0
-0.00349537 5.62432 0 3.1618 3.14494 1.93571 0 -2.5 1.92539 0 -2.48667 204 204 204 0
-0.00347222 5.62869 0 3.15118 3.16662 1.91832 0 -2.5 1.92772 0 -2.51225 204 204 204 0
-0.00344907 5.63305 0 3.1407 3.14227 1.90104 0 -2.5 1.902 0 -2.50125 204 204 204 0
-0.00342593 5.63741 0 3.13034 3.17119 1.88389 0 -2.5 1.90847 0 -2.53263 204 204 204 0
-0.00340278 5.64178 0 3.12011 3.0968 1.86684 0 -2.5 1.85289 0 -2.48132 204 204 204 0
-0.00337963 5.64614 0 3.11001 3.13838 1.8499 0 -2.5 1.86678 0 -2.52281 204 204 204 0
-0.00335648 5.6505 0 3.10003 3.11375 1.83308 0 -2.5 1.84119 0 -2.51107 204 204 204 0
-0.00333333 5.65487 0 3.09017 3.11879 1.81636 0 -2.5 1.83318 0 -2.52315 204 204 204 0
-0.00331019 5.65923 0 3.08043 3.04419 1.79974 0 -2.5 1.77857 0 -2.47059 204 204 204 0
-0.00328704 5.66359 0 3.07082 3.03452 1.78323 0 -2.5 1.76216 0 -2.47045 204 204 204 0
-0.00326389 5.66796 0 3.06132 3.07847 1.76683 0 -2.5 1.77672 0 -2.51401 204 204 204 0
-0.00324074 5.67232 0 3.05194 3.0588 1.75052 0 -2.5 1.75445 0 -2.50562 204 204 204 0
-0.00321759 5.67668 0 3.04267 3.07157 1.73431 0 -2.5 1.75079 0 -2.52375 204 204 204 0
-0.00319444 5.68105 0 3.03352 3.07545 1.7182 0 -2.5 1.74196 0 -2.53456 204 204 204 0
-0.0031713 5.68541 0 3.02447 3.03995 1.70219 0 -2.5 1.7109 0 -2.51279 204 204 204 0
-0.00314815 5.68977 0 3.01554 3.01177 1.68627 0 -2.5 1.68416 0 -2.49687 204 204 204 0
-0.003125 5.69414 0 3.00672 2.94996 1.67045 0 -2.5 1.63891 0 -2.4528 204 204 204 0
-0.00310185 5.6985 0 2.99801 3.01834 1.65471 0 -2.5 1.66594 0 -2.51695 204 204 204 0
-0.0030787 5.70286 0 2.98941 3.01221 1.63907 0 -2.5 1.65158 0 -2.51907 204 204 204 0
-0.00305556 5.70723 0 2.98091 3.01186 1.62352 0 -2.5 1.64038 0 -2.52596 204 204 204 0
-0.00303241 5.71159 0 2.97251 2.9885 1.60805 0 -2.5 1.6167 0 -2.51345 204 204 204 0
-0.00300926 5.71595 0 2.96422 2.95702 1.59268 0 -2.5 1.5888 0 -2.49392 204 204 204 0
-0.00298611 5.72032 0 2.95603 2.94413 1.57738 0 -2.5 1.57103 0 -2.48993 204 204 204 0
-0.00296296 5.72468 0 2.94795 2.97127 1.56217 0 -2.5 1.57453 0 -2.51978 204 204 204 0
-0.00293981 5.72904 0 2.93996 2.95566 1.54705 0 -2.5 1.55531 0 -2.51335 204 204 204 0
-0.00291667 5.73341 0 2.93207 2.96963 1.532 0 -2.5 1.55163 0 -2.53202 204 204 204 0
-0.00289352 5.73777 0 2.92428 2.91463 1.51704 0 -2.5 1.51203 0 -2.49175 204 204 204 0
-0.00287037 5.74213 0 2.91658 2.93641 1.50215 0 -2.5 1.51236 0 -2.517 204 204 204 0
-0.00284722 5.7465 0 2.90898 2.86258 1.48734 0 -2.5 1.46362 0 -2.46012 204 204 204 0
-0.00282407 5.75086 0 2.90148 2.96809 1.47261 0 -2.5 1.50642 0 -2.55739 204 204 204 0
-0.00280093 5.75522 0 2.89407 2.95017 1.45796 0 -2.5 1.48622 0 -2.54847 204 204 204 0
-0.00277778 5.75959 0 2.88675 2.93642 1.44338 0 -2.5 1.46821 0 -2.54301 204 204 204 0
-0.00275463 5.76395 0 2.87953 2.91415 1.42887 0 -2.5 1.44605 0 -2.53006 204 204 204 0
-0.00273148 5.76831 0 2.87239 2.90078 1.41443 0 -2.5 1.42841 0 -2.52471 204 204 204 0
-0.00270833 5.77268 0 2.86534 2.88679 1.40007 0 -2.5 1.41054 0 -2.51871 204 204 204 0
-0.00268519 5.77704 0 2.85838 2.81073 1.38577 0 -2.5 1.36267 0 -2.45832 204 204 204 0
-0.00266204 5.7814 0 2.85152 2.81088 1.37155 0 -2.5 1.352 0 -2.46437 204 204 204 0
-0.00263889 5.78577 0 2.84473 2.9299 1.35739 0 -2.5 1.39803 0 -2.57484 204 204 204 0
-0.00261574 5.79013 0 2.83804 2.84134 1.3433 0 -2.5 1.34486 0 -2.50291 204 204 204 0
-0.00259259 5.79449 0 2.83143 2.86066 1.32927 0 -2.5 1.343 0 -2.52581 204 204 204 0
-0.00256944 5.79886 0 2.8249 2.86651 1.31531 0 -2.5 1.33469 0 -2.53683 204 204 204 0
-0.0025463 5.80322 0 2.81845 2.84466 1.30142 0 -2.5 1.31352 0 -2.52325 204 204 204 0
-0.00252315 5.80758 0 2.81209 2.8624 1.28758 0 -2.5 1.31062 0 -2.54472 204 204 204 0
-0.0025 5.81195 0 2.80582 2.78128 1.27381 0 -2.5 1.26267 0 -2.47814 204 204 204 0
-0.00247685 5.81631 0 2.79962 2.78544 1.2601 0 -2.5 1.25372 0 -2.48734 204 204 204 0
-0.0024537 5.82067 0 2.7935 2.84048 1.24645 0 -2.5 1.26742 0 -2.54204 204 204 204 0
-0.00243056 5.82504 0 2.78746 2.81613 1.23286 0 -2.5 1.24554 0 -2.52571 204 204 204 0
-0.00240741 5.8294 0 2.7815 2.78682 1.21933 0 -2.5 1.22166 0 -2.50478 204 204 204 0
-0.00238426 5.83376 0 2.77562 2.76201 1.20586 0 -2.5 1.19994 0 -2.48773 204 204 204 0
-0.00236111 5.83813 0 2.76982 2.81592 1.19244 0 -2.5 1.21228 0 -2.5416 204 204 204 0
-0.00233796 5.84249 0 2.7641 2.78994 1.17908 0 -2.5 1.1901 0 -2.52337 204 204 204 0
-0.00231481 5.84685 0 2.75844 2.79242 1.16577 0 -2.5 1.18013 0 -2.53079 204 204 204 0
-0.00229167 5.85122 0 2.75287 2.80098 1.15252 0 -2.5 1.17266 0 -2.54369 204 204 204 0
-0.00226852 5.85558 0 2.74737 2.68648 1.13932 0 -2.5 1.11407 0 -2.44459 204 204 204 0
-0.00224537 5.85994 0 2.74194 2.79086 1.12617 0 -2.5 1.14626 0 -2.5446 204 204 204 0
-0.00222222 5.86431 0 2.73659 2.753 1.11307 0 -2.5 1.11975 0 -2.51499 204 204 204 0
-0.00219907 5.86867 0 2.73131 2.71881 1.10003 0 -2.5 1.09499 0 -2.48856 204 204 204 0
-0.00217593 5.87303 0 2.7261 2.73458 1.08703 0 -2.5 1.09041 0 -2.50778 204 204 204 0
-0.00215278 5.8774 0 2.72097 2.72408 1.07408 0 -2.5 1.07531 0 -2.50286 204 204 204 0
-0.00212963 5.88176 0 2.7159 2.76931 1.06119 0 -2.5 1.08206 0 -2.54916 204 204 204 0
-0.00210648 5.88612 0 2.71091 2.73757 1.04834 0 -2.5 1.05865 0 -2.52459 204 204 204 0
-0.00208333 5.89049 0 2.70598 2.73522 1.03553 0 -2.5 1.04672 0 -2.52702 204 204 204 0
-0.00206019 5.89485 0 2.70112 2.66822 1.02278 0 -2.5 1.01032 0 -2.46954 204 204 204 0
-0.00203704 5.89921 0 2.69634 2.73259 1.01007 0 -2.5 1.02364 0 -2.53361 204 204 204 0
-0.00201389 5.90358 0 2.69162 2.75084 0.997399 0 -2.5 1.01934 0 -2.555 204 204 204 0
-0.00199074 5.90794 0 2.68697 2.68948 0.984776 0 -2.5 0.985698 0 -2.50234 204 204 204 0
-0.00196759 5.9123 0 2.68238 2.67527 0.972197 0 -2.5 0.969619 0 -2.49337 204 204 204 0
-0.00194444 5.91667 0 2.67786 2.72891 0.95966 0 -2.5 0.977955 0 -2.54766 204 204 204 0
-0.0019213 5.92103 0 2.67341 2.69961 0.947165 0 -2.5 0.956449 0 -2.5245 204 204 204 0
-0.00189815 5.92539 0 2.66902 2.65674 0.934712 0 -2.5 0.930409 0 -2.48849 204 204 204 0
-0.001875 5.92976 0 2.6647 2.65328 0.922299 0 -2.5 0.918347 0 -2.48929 204 204 204 0
-0.00185185 5.93412 0 2.66044 2.65573 0.909926 0 -2.5 0.908314 0 -2.49557 204 204 204 0
-0.0018287 5.93848 0 2.65625 2.71635 0.897591 0 -2.5 0.917901 0 -2.55657 204 204 204 0
-0.00180556 5.94285 0 2.65212 2.62761 0.885296 0 -2.5 0.877114 0 -2.47689 204 204 204 0
-0.00178241 5.94721 0 2.64806 2.69551 0.873039 0 -2.5 0.888686 0 -2.54481 204 204 204 0
-0.00175926 5.95157 0 2.64405 2.6893 0.860819 0 -2.5 0.87555 0 -2.54278 204 204 204 0
-0.00173611 5.95594 0 2.64011 2.67585 0.848636 0 -2.5 0.860122 0 -2.53384 204 204 204 0
-0.00171296 5.9603 0 2.63623 2.59868 0.836488 0 -2.5 0.824574 0 -2.46439 204 204 204 0
-0.00168981 5.96466 0 2.63241 2.68278 0.824376 0 -2.5 0.84015 0 -2.54783 204 204 204 0
-0.00166667 5.96903 0 2.62866 2.61011 0.812299 0 -2.5 0.806569 0 -2.48236 204 204 204 0
-0.00164352 5.97339 0 2.62496 2.64075 0.800256 0 -2.5 0.805071 0 -2.51504 204 204 204 0
-0.00162037 5.97775 0 2.62132 2.62364 0.788247 0 -2.5 0.788945 0 -2.50221 204 204 204 0
-0.00159722 5.98212 0 2.61775 2.6923 0.77627 0 -2.5 0.798378 0 -2.5712 204 204 204 0
-0.00157407 5.98648 0 2.61423 2.61813 0.764326 0 -2.5 0.765466 0 -2.50373 204 204 204 0
-0.00155093 5.99084 0 2.61077 2.62524 0.752414 0 -2.5 0.756585 0 -2.51386 204 204 204 0
-0.00152778 5.99521 0 2.60737 2.56122 0.740534 0 -2.5 0.727427 0 -2.45575 204 204 204 0
-0.00150463 5.99957 0 2.60403 2.63051 0.728683 0 -2.5 0.736093 0 -2.52542 204 204 204 0
-0.00148148 6.00393 0 2.60075 2.57748 0.716864 0 -2.5 0.71045 0 -2.47763 204 204 204 0
-0.00145833 6.0083 0 2.59752 2.62074 0.705073 0 -2.5 0.711376 0 -2.52235 204 204 204 0
-0.00143519 6.01266 0 2.59436 2.60253 0.693312 0 -2.5 0.695497 0 -2.50788 204 204 204 0
-0.00141204 6.01702 0 2.59124 2.62922 0.681578 0 -2.5 0.691567 0 -2.53664 204 204 204 0
-0.00138889 6.02139 0 2.58819 2.61279 0.669873 0 -2.5 0.67624 0 -2.52376 204 204 204 0
-0.00136574 6.02575 0 2.58519 2.60482 0.658195 0 -2.5 0.663192 0 -2.51898 204 204 204 0
-0.00134259 6.03011 0 2.58225 2.59309 0.646544 0 -2.5 0.649258 0 -2.5105 204 204 204 0
-0.00131944 6.03448 0 2.57936 2.60464 0.634919 0 -2.5 0.641141 0 -2.5245 204 204 204 0
-0.0012963 6.03884 0 2.57653 2.60942 0.62332 0 -2.5 0.631276 0 -2.53191 204 204 204 0
-0.00127315 6.0432 0 2.57376 2.55269 0.611746 0 -2.5 0.606737 0 -2.47953 204 204 204 0
-0.00125 6.04757 0 2.57104 2.56553 0.600197 0 -2.5 0.598912 0 -2.49465 204 204 204 0
-0.00122685 6.05193 0 2.56837 2.57042 0.588672 0 -2.5 0.589141 0 -2.50199 204 204 204 0
-0.0012037 6.05629 0 2.56576 2.58927 0.577171 0 -2.5 0.582459 0 -2.52291 204 204 204 0
-0.00118056 6.06066 0 2.5632 2.52082 0.565693 0 -2.5 0.556339 0 -2.45866 204 204 204 0
-0.00115741 6.06502 0 2.5607 2.55698 0.554236 0 -2.5 0.553431 0 -2.49637 204 204 204 0
-0.00113426 6.06938 0 2.55825 2.54371 0.542803 0 -2.5 0.539719 0 -2.4858 204 204 204 0
-0.00111111 6.07375 0 2.55585 2.55917 0.531391 0 -2.5 0.532082 0 -2.50325 204 204 204 0
-0.00108796 6.07811 0 2.55351 2.56335 0.520001 0 -2.5 0.522005 0 -2.50964 204 204 204 0
-0.00106481 6.08247 0 2.55122 2.54748 0.508631 0 -2.5 0.507885 0 -2.49633 204 204 204 0
-0.00104167 6.08684 0 2.54898 2.6006 0.497281 0 -2.5 0.507352 0 -2.55063 204 204 204 0
-0.00101852 6.0912 0 2.54679 2.5287 0.485951 0 -2.5 0.482498 0 -2.48224 204 204 204 0
-0.00099537 6.09556 0 2.54466 2.57883 0.47464 0 -2.5 0.481014 0 -2.53357 204 204 204 0
-0.000972222 6.09993 0 2.54258 2.56797 0.463348 0 -2.5 0.467975 0 -2.52497 204 204 204 0
-0.000949074 6.10429 0 2.54055 2.58155 0.452074 0 -2.5 0.45937 0 -2.54035 204 204 204 0
-0.000925926 6.10865 0 2.53857 2.54876 0.440817 0 -2.5 0.442587 0 -2.51004 204 204 204 0
-0.000902778 6.11302 0 2.53664 2.57395 0.429578 0 -2.5 0.435896 0 -2.53677 204 204 204 0
-0.00087963 6.11738 0 2.53476 2.51307 0.418356 0 -2.5 0.414776 0 -2.47861 204 204 204 0
-0.000856481 6.12174 0 2.53294 2.53259 0.407151 0 -2.5 0.407094 0 -2.49965 204 204 204 0
-0.000833333 6.12611 0 2.53116 2.53637 0.395961 0 -2.5 0.396776 0 -2.50514 204 204 204 0
-0.000810185 6.13047 0 2.52944 2.52369 0.384787 0 -2.5 0.383912 0 -2.49432 204 204 204 0
-0.000787037 6.13483 0 2.52777 2.52898 0.373628 0 -2.5 0.373807 0 -2.5012 204 204 204 0
-0.000763889 6.1392 0 2.52614 2.50974 0.362483 0 -2.5 0.360129 0 -2.48376 204 204 204 0
-0.000740741 6.14356 0 2.52457 2.58799 0.351352 0 -2.5 0.360179 0 -2.56281 204 204 204 0
-0.000717593 6.14792 0 2.52305 2.54304 0.340235 0 -2.5 0.342931 0 -2.51981 204 204 204 0
-0.000694444 6.15229 0 2.52157 2.49293 0.329131 0 -2.5 0.325392 0 -2.4716 204 204 204 0
-0.000671296 6.15665 0 2.52015 2.55433 0.31804 0 -2.5 0.322354 0 -2.53391 204 204 204 0
-0.000648148 6.16101 0 2.51877 2.53255 0.306961 0 -2.5 0.308641 0 -2.51368 204 204 204 0
-0.000625 6.16538 0 2.51745 2.57058 0.295894 0 -2.5 0.302139 0 -2.55276 204 204 204 0
-0.000601852 6.16974 0 2.51617 2.58206 0.284839 0 -2.5 0.292298 0 -2.56547 204 204 204 0
-0.000578704 6.1741 0 2.51495 2.55615 0.273795 0 -2.5 0.27828 0 -2.54095 204 204 204 0
-0.000555555 6.17847 0 2.51377 2.54425 0.262761 0 -2.5 0.265946 0 -2.53031 204 204 204 0
-0.000532407 6.18283 0 2.51264 2.53349 0.251737 0 -2.5 0.253826 0 -2.52074 204 204 204 0
-0.000509259 6.18719 0 2.51156 2.51787 0.240723 0 -2.5 0.241327 0 -2.50627 204 204 204 0
-0.000486111 6.19156 0 2.51053 2.50245 0.229717 0 -2.5 0.228978 0 -2.49196 204 204 204 0
-0.000462963 6.19592 0 2.50955 2.54406 0.218721 0 -2.5 0.221729 0 -2.53438 204 204 204 0
-0.000439815 6.20028 0 2.50862 2.5261 0.207734 0 -2.5 0.209182 0 -2.51742 204 204 204 0
-0.000416667 6.20465 0 2.50773 2.52713 0.196754 0 -2.5 0.198276 0 -2.51934 204 204 204 0
-0.000393518 6.20901 0 2.50689 2.48293 0.185782 0 -2.5 0.184006 0 -2.4761 204 204 204 0
-0.00037037 6.21337 0 2.5061 2.47601 0.174817 0 -2.5 0.172718 0 -2.46998 204 204 204 0
-0.000347222 6.21774 0 2.50536 2.50277 0.163859 0 -2.5 0.163689 0 -2.49742 204 204 204 0
-0.000324074 6.2221 0 2.50467 2.49532 0.152907 0 -2.5 0.152336 0 -2.49067 204 204 204 0
-0.000300926 6.22646 0 2.50403 2.54143 0.14196 0 -2.5 0.144081 0 -2.53734 204 204 204 0
-0.000277778 6.23083 0 2.50343 2.57306 0.13102 0 -2.5 0.134664 0 -2.56954 204 204 204 0
-0.00025463 6.23519 0 2.50288 2.47988 0.120083 0 -2.5 0.11898 0 -2.47703 204 204 204 0
-0.000231481 6.23955 0 2.50238 2.56162 0.109152 0 -2.5 0.111736 0 -2.55919 204 204 204 0
-0.000208333 6.24392 0 2.50193 2.51875 0.0982251 0 -2.5 0.0988855 0 -2.51681 204 204 204 0
-0.000185185 6.24828 0 2.50152 2.52218 0.0873018 0 -2.5 0.0880228 0 -2.52065 204 204 204 0
-0.000162037 6.25264 0 2.50117 2.50806 0.0763819 0 -2.5 0.0765924 0 -2.50689 204 204 204 0
-0.000138889 6.25701 0 2.50086 2.49215 0.0654648 0 -2.5 0.0652368 0 -2.49129 204 204 204 0
-0.000115741 6.26137 0 2.5006 2.52437 0.0545503 0 -2.5 0.0550689 0 -2.52377 204 204 204 0
-9.25925e-05 6.26573 0 2.50038 2.52516 0.0436378 0 -2.5 0.0440702 0 -2.52477 204 204 204 0
-6.94444e-05 6.2701 0 2.50021 2.52056 0.032727 0 -2.5 0.0329933 0 -2.52034 204 204 204 0
-4.62962e-05 6.27446 0 2.5001 2.53773 0.0218174 0 -2.5 0.0221459 0 -2.53764 204 204 204 0
-2.31481e-05 6.27882 0 2.50002 2.4893 0.0109081 0 -2.5 0.0108613 0 -2.48927 204 204 204 0
9.25926e-11 1.74533e-08 0 2.5 2.53167 -2.18557e-07 0 -2.5 -2.21325e-07 0 -2.53167 204 204 204 0
2.31482e-05 0.00436334 0 2.50002 2.51867 -0.0109085 0 -2.5 -0.0109899 0 -2.51864 204 204 204 0
4.62964e-05 0.00872666 0 2.5001 2.51245 -0.0218173 0 -2.5 -0.0219251 0 -2.51236 204 204 204 0
6.94445e-05 0.01309 0 2.50021 2.51664 -0.0327268 0 -2.5 -0.0329419 0 -2.51643 204 204 204 0
9.25927e-05 0.0174533 0 2.50038 2.47517 -0.0436376 0 -2.5 -0.0431977 0 -2.47479 204 204 204 0
0.000115741 0.0218166 0 2.5006 2.59844 -0.0545501 0 -2.5 -0.0566846 0 -2.59782 204 204 204 0
0.000138889 0.02618 0 2.50086 2.51462 -0.0654646 0 -2.5 -0.0658248 0 -2.51375 204 204 204 0
0.000162037 0.0305433 0 2.50117 2.50018 -0.0763817 0 -2.5 -0.0763515 0 -2.49901 204 204 204 0
0.000185185 0.0349066 0 2.50152 2.53047 -0.0873022 0 -2.5 -0.0883125 0 -2.52893 204 204 204 0
0.000208333 0.0392699 0 2.50193 2.54326 -0.0982255 0 -2.5 -0.0998482 0 -2.5413 204 204 204 0
0.000231482 0.0436332 0 2.50238 2.5333 -0.109153 0 -2.5 -0.110501 0 -2.53089 204 204 204 0
0.00025463 0.0479966 0 2.50288 2.52724 -0.120084 0 -2.5 -0.121252 0 -2.52433 204 204 204 0
0.000277778 0.0523599 0 2.50343 2.48876 -0.13102 0 -2.5 -0.130252 0 -2.48535 204 204 204 0
0.000300926 0.0567232 0 2.50403 2.53922 -0.14196 0 -2.5 -0.143956 0 -2.53514 204 204 204 0
0.000324074 0.0610865 0 2.50467 2.50852 -0.152907 0 -2.5 -0.153142 0 -2.50384 204 204 204 0
0.000347222 0.0654499 0 2.50536 2.53066 -0.163859 0 -2.5 -0.165513 0 -2.52524 204 204 204 0
0.00037037 0.0698132 0 2.5061 2.60873 -0.174817 0 -2.5 -0.181976 0 -2.60238 204 204 204 0
0.000393519 0.0741765 0 2.50689 2.55255 -0.185782 0 -2.5 -0.189165 0 -2.54553 204 204 204 0
0.000416667 0.0785398 0 2.50773 2.49561 -0.196755 0 -2.5 -0.195804 0 -2.48792 204 204 204 0
0.000439815 0.0829032 0 2.50862 2.51364 -0.207734 0 -2.5 -0.20815 0 -2.50501 204 204 204 0
0.000462963 0.0872665 0 2.50955 2.52627 -0.218722 0 -2.5 -0.220179 0 -2.51666 204 204 204 0
0.000486111 0.0916298 0 2.51053 2.52793 -0.229718 0 -2.5 -0.23131 0 -2.51733 204 204 204 0
0.000509259 0.0959931 0 2.51156 2.51513 -0.240723 0 -2.5 -0.241065 0 -2.50355 204 204 204 0
0.000532407 0.100356 0 2.51264 2.49875 -0.251737 0 -2.5 -0.250344 0 -2.48617 204 204 204 0
0.000555556 0.10472 0 2.51377 2.55114 -0.26276 0 -2.5 -0.266666 0 -2.53716 204 204 204 0
0.000578704 0.109083 0 2.51495 2.54018 -0.273794 0 -2.5 -0.276541 0 -2.52508 204 204 204 0
0.000601852 0.113446 0 2.51617 2.56496 -0.284839 0 -2.5 -0.290362 0 -2.54847 204 204 204 0
0.000625 0.11781 0 2.51745 2.56514 -0.295895 0 -2.5 -0.301501 0 -2.54736 204 204 204 0
0.000648148 0.122173 0 2.51877 2.60035 -0.306962 0 -2.5 -0.316903 0 -2.58096 204 204 204 0
0.000671296 0.126536 0 2.52015 2.55072 -0.31804 0 -2.5 -0.321899 0 -2.53033 204 204 204 0
0.000694445 0.1309 0 2.52157 2.50168 -0.329131 0 -2.5 -0.326535 0 -2.48028 204 204 204 0
0.000717593 0.135263 0 2.52305 2.52411 -0.340235 0 -2.5 -0.340379 0 -2.50106 204 204 204 0
0.000740741 0.139626 0 2.52457 2.50532 -0.351352 0 -2.5 -0.348673 0 -2.48093 204 204 204 0
0.000763889 0.14399 0 2.52614 2.52449 -0.362483 0 -2.5 -0.362246 0 -2.49837 204 204 204 0
0.000787037 0.148353 0 2.52777 2.56377 -0.373627 0 -2.5 -0.378949 0 -2.53561 204 204 204 0
0.000810185 0.152716 0 2.52944 2.54078 -0.384787 0 -2.5 -0.386513 0 -2.51121 204 204 204 0
0.000833333 0.15708 0 2.53116 2.59335 -0.395961 0 -2.5 -0.405689 0 -2.56142 204 204 204 0
0.000856482 0.161443 0 2.53294 2.556 -0.407151 0 -2.5 -0.410859 0 -2.52277 204 204 204 0
0.00087963 0.165806 0 2.53476 2.53241 -0.418357 0 -2.5 -0.417969 0 -2.49768 204 204 204 0
0.000902778 0.17017 0 2.53664 2.52482 -0.429579 0 -2.5 -0.427578 0 -2.48836 204 204 204 0
0.000925926 0.174533 0 2.53857 2.57076 -0.440818 0 -2.5 -0.446407 0 -2.5317 204 204 204 0
0.000949074 0.178896 0 2.54055 2.54338 -0.452074 0 -2.5 -0.452578 0 -2.50279 204 204 204 0
0.000972222 0.18326 0 2.54258 2.52426 -0.463348 0 -2.5 -0.460011 0 -2.482 204 204 204 0
0.00099537 0.187623 0 2.54466 2.6117 -0.47464 0 -2.5 -0.487146 0 -2.56587 204 204 204 0
0.00101852 0.191986 0 2.54679 2.60256 -0.485951 0 -2.5 -0.496591 0 -2.55474 204 204 204 0
0.00104167 0.19635 0 2.54898 2.57639 -0.497281 0 -2.5 -0.502628 0 -2.52688 204 204 204 0
0.00106481 0.200713 0 2.55122 2.56533 -0.508631 0 -2.5 -0.511445 0 -2.51383 204 204 204 0
0.00108796 0.205076 0 2.55351 2.61767 -0.520001 0 -2.5 -0.533068 0 -2.56282 204 204 204 0
0.00111111 0.20944 0 2.55585 2.53747 -0.531392 0 -2.5 -0.527571 0 -2.48202 204 204 204 0
0.00113426 0.213803 0 2.55825 2.59269 -0.542803 0 -2.5 -0.550111 0 -2.53366 204 204 204 0
0.00115741 0.218166 0 2.5607 2.58986 -0.554237 0 -2.5 -0.560549 0 -2.52847 204 204 204 0
0.00118056 0.222529 0 2.5632 2.55956 -0.565692 0 -2.5 -0.564888 0 -2.49644 204 204 204 0
0.0012037 0.226893 0 2.56576 2.53139 -0.57717 0 -2.5 -0.569438 0 -2.46651 204 204 204 0
0.00122685 0.231256 0 2.56837 2.55893 -0.588672 0 -2.5 -0.586507 0 -2.49081 204 204 204 0
0.00125 0.235619 0 2.57104 2.52779 -0.600197 0 -2.5 -0.5901 0 -2.45794 204 204 204 0
0.00127315 0.239983 0 2.57376 2.54539 -0.611746 0 -2.5 -0.605003 0 -2.47245 204 204 204 0
0.0012963 0.244346 0 2.57653 2.57377 -0.62332 0 -2.5 -0.622651 0 -2.49731 204 204 204 0
0.00131944 0.248709 0 2.57936 2.59868 -0.634919 0 -2.5 -0.639675 0 -2.51872 204 204 204 0
0.00134259 0.253073 0 2.58225 2.62538 -0.646544 0 -2.5 -0.657344 0 -2.54176 204 204 204 0
0.00136574 0.257436 0 2.58519 2.5903 -0.658195 0 -2.5 -0.659496 0 -2.50494 204 204 204 0
0.00138889 0.261799 0 2.58819 2.60734 -0.669873 0 -2.5 -0.67483 0 -2.5185 204 204 204 0
0.00141204 0.266163 0 2.59124 2.67308 -0.681578 0 -2.5 -0.703103 0 -2.57895 204 204 204 0
0.00143519 0.270526 0 2.59436 2.57527 -0.693311 0 -2.5 -0.68821 0 -2.4816 204 204 204 0
0.00145833 0.274889 0 2.59752 2.5924 -0.705073 0 -2.5 -0.703682 0 -2.49507 204 204 204 0
0.00148148 0.279253 0 2.60075 2.67337 -0.716863 0 -2.5 -0.736881 0 -2.56981 204 204 204 0
0.00150463 0.283616 0 2.60403 2.61983 -0.728683 0 -2.5 -0.733104 0 -2.51517 204 204 204 0
0.00152778 0.287979 0 2.60737 2.67194 -0.740534 0 -2.5 -0.758872 0 -2.56191 204 204 204 0
0.00155093 0.292343 0 2.61077 2.58758 -0.752415 0 -2.5 -0.74573 0 -2.47779 204 204 204 0
0.00157407 0.296706 0 2.61423 2.58724 -0.764327 0 -2.5 -0.756436 0 -2.47419 204 204 204 0
0.00159722 0.301069 0 2.61775 2.65789 -0.776271 0 -2.5 -0.788175 0 -2.53834 204 204 204 0
0.00162037 0.305433 0 2.62132 2.60837 -0.788247 0 -2.5 -0.784353 0 -2.48765 204 204 204 0
0.00164352 0.309796 0 2.62496 2.60339 -0.800256 0 -2.5 -0.793681 0 -2.47946 204 204 204 0
0.00166667 0.314159 0 2.62866 2.70182 -0.812299 0 -2.5 -0.834907 0 -2.56958 204 204 204 0
0.00168981 0.318523 0 2.63241 2.64949 -0.824376 0 -2.5 -0.829724 0 -2.51622 204 204 204 0
0.00171296 0.322886 0 2.63623 2.5911 -0.836488 0 -2.5 -0.822167 0 -2.4572 204 204 204 0
0.00173611 0.327249 0 2.64011 2.6317 -0.848635 0 -2.5 -0.845932 0 -2.49204 204 204 204 0
0.00175926 0.331613 0 2.64405 2.66605 -0.860819 0 -2.5 -0.867982 0 -2.5208 204 204 204 0
0.00178241 0.335976 0 2.64806 2.63613 -0.873039 0 -2.5 -0.869109 0 -2.48875 204 204 204 0
0.00180556 0.340339 0 2.65212 2.67452 -0.885297 0 -2.5 -0.892773 0 -2.52111 204 204 204 0
0.0018287 0.344703 0 2.65625 2.70307 -0.897592 0 -2.5 -0.913413 0 -2.54406 204 204 204 0
0.00185185 0.349066 0 2.66044 2.644 -0.909926 0 -2.5 -0.904302 0 -2.48455 204 204 204 0
0.001875 0.353429 0 2.6647 2.64532 -0.922298 0 -2.5 -0.915592 0 -2.48182 204 204 204 0
0.00189815 0.357793 0 2.66902 2.65483 -0.934711 0 -2.5 -0.929742 0 -2.48671 204 204 204 0
0.0019213 0.362156 0 2.67341 2.66969 -0.947165 0 -2.5 -0.945847 0 -2.49652 204 204 204 0
0.00194444 0.366519 0 2.67786 2.69258 -0.95966 0 -2.5 -0.964936 0 -2.51374 204 204 204 0
0.00196759 0.370882 0 2.68238 2.71954 -0.972197 0 -2.5 -0.985667 0 -2.53464 204 204 204 0
0.00199074 0.375246 0 2.68697 2.65721 -0.984776 0 -2.5 -0.973871 0 -2.47231 204 204 204 0
0.00201389 0.379609 0 2.69162 2.69972 -0.997399 0 -2.5 -1.0004 0 -2.50753 204 204 204 0
0.00203704 0.383972 0 2.69634 2.72236 -1.01007 0 -2.5 -1.01982 0 -2.52413 204 204 204 0
0.00206019 0.388336 0 2.70112 2.72995 -1.02278 0 -2.5 -1.03369 0 -2.52668 204 204 204 0
0.00208333 0.392699 0 2.70598 2.73265 -1.03553 0 -2.5 -1.04574 0 -2.52464 204 204 204 0
0.00210648 0.397062 0 2.71091 2.7684 -1.04834 0 -2.5 -1.07057 0 -2.55302 204 204 204 0
0.00212963 0.401426 0 2.7159 2.75054 -1.06119 0 -2.5 -1.07472 0 -2.53188 204 204 204 0
0.00215278 0.405789 0 2.72097 2.7127 -1.07408 0 -2.5 -1.07082 0 -2.49241 204 204 204 0
0.00217593 0.410152 0 2.7261 2.73781 -1.08703 0 -2.5 -1.0917 0 -2.51074 204 204 204 0
0.00219907 0.414516 0 2.73131 2.7329 -1.10003 0 -2.5 -1.10067 0 -2.50145 204 204 204 0
0.00222222 0.418879 0 2.73659 2.74836 -1.11307 0 -2.5 -1.11786 0 -2.51075 204 204 204 0
0.00224537 0.423242 0 2.74194 2.70817 -1.12617 0 -2.5 -1.1123 0 -2.46921 204 204 204 0
0.00226852 0.427606 0 2.74737 2.75706 -1.13932 0 -2.5 -1.14333 0 -2.50881 204 204 204 0
0.00229167 0.431969 0 2.75287 2.77021 -1.15252 0 -2.5 -1.15978 0 -2.51575 204 204 204 0
0.00231481 0.436332 0 2.75844 2.78745 -1.16577 0 -2.5 -1.17803 0 -2.52629 204 204 204 0
0.00233796 0.440696 0 2.76409 2.79741 -1.17908 0 -2.5 -1.19329 0 -2.53013 204 204 204 0
0.00236111 0.445059 0 2.76982 2.80754 -1.19244 0 -2.5 -1.20868 0 -2.53404 204 204 204 0
0.00238426 0.449422 0 2.77562 2.81354 -1.20586 0 -2.5 -1.22233 0 -2.53415 204 204 204 0
0.00240741 0.453786 0 2.7815 2.85029 -1.21933 0 -2.5 -1.24948 0 -2.56182 204 204 204 0
0.00243056 0.458149 0 2.78746 2.8135 -1.23286 0 -2.5 -1.24438 0 -2.52335 204 204 204 0
0.0024537 0.462512 0 2.7935 2.81166 -1.24645 0 -2.5 -1.25455 0 -2.51625 204 204 204 0
0.00247685 0.466876 0 2.79962 2.80875 -1.2601 0 -2.5 -1.26421 0 -2.50815 204 204 204 0
0.0025 0.471239 0 2.80582 2.84345 -1.27381 0 -2.5 -1.2909 0 -2.53354 204 204 204 0
0.00252315 0.475602 0 2.81209 2.83495 -1.28758 0 -2.5 -1.29805 0 -2.52031 204 204 204 0
0.0025463 0.479966 0 2.81845 2.85226 -1.30142 0 -2.5 -1.31703 0 -2.52999 204 204 204 0
0.00256944 0.484329 0 2.8249 2.80184 -1.31531 0 -2.5 -1.30458 0 -2.47959 204 204 204 0
0.00259259 0.488692 0 2.83142 2.82916 -1.32927 0 -2.5 -1.32821 0 -2.498 204 204 204 0
0.00261574 0.493056 0 2.83804 2.8424 -1.3433 0 -2.5 -1.34537 0 -2.50385 204 204 204 0
0.00263889 0.497419 0 2.84473 2.8373 -1.35739 0 -2.5 -1.35384 0 -2.49346 204 204 204 0
0.00266204 0.501782 0 2.85152 2.95102 -1.37155 0 -2.5 -1.41941 0 -2.58724 204 204 204 0
0.00268519 0.506146 0 2.85839 2.85318 -1.38577 0 -2.5 -1.38325 0 -2.49544 204 204 204 0
0.00270833 0.510509 0 2.86534 2.9346 -1.40007 0 -2.5 -1.43391 0 -2.56043 204 204 204 0
0.00273148 0.514872 0 2.87239 2.87722 -1.41443 0 -2.5 -1.41681 0 -2.50421 204 204 204 0
0.00275463 0.519235 0 2.87952 2.84933 -1.42887 0 -2.5 -1.41388 0 -2.47379 204 204 204 0
0.00277778 0.523599 0 2.88675 2.94919 -1.44338 0 -2.5 -1.4746 0 -2.55407 204 204 204 0
0.00280093 0.527962 0 2.89407 2.88856 -1.45796 0 -2.5 -1.45518 0 -2.49524 204 204 204 0
0.00282407 0.532325 0 2.90148 2.95852 -1.47261 0 -2.5 -1.50156 0 -2.54914 204 204 204 0
0.00284722 0.536689 0 2.90898 2.96172 -1.48734 0 -2.5 -1.51431 0 -2.54532 204 204 204 0
0.00287037 0.541052 0 2.91658 2.90948 -1.50215 0 -2.5 -1.49849 0 -2.49391 204 204 204 0
0.00289352 0.545415 0 2.92428 2.93446 -1.51704 0 -2.5 -1.52232 0 -2.5087 204 204 204 0
0.00291667 0.549779 0 2.93207 2.9705 -1.532 0 -2.5 -1.55208 0 -2.53276 204 204 204 0
0.00293981 0.554142 0 2.93996 2.92192 -1.54705 0 -2.5 -1.53755 0 -2.48466 204 204 204 0
0.00296296 0.558505 0 2.94795 2.99553 -1.56217 0 -2.5 -1.58739 0 -2.54036 204 204 204 0
0.00298611 0.562869 0 2.95603 2.98982 -1.57738 0 -2.5 -1.59541 0 -2.52857 204 204 204 0
0.00300926 0.567232 0 2.96422 2.98932 -1.59268 0 -2.5 -1.60616 0 -2.52117 204 204 204 0
0.00303241 0.571595 0 2.97251 2.98459 -1.60805 0 -2.5 -1.61459 0 -2.51016 204 204 204 0
0.00305556 0.575959 0 2.98091 2.94529 -1.62352 0 -2.5 -1.60412 0 -2.47013 204 204 204 0
0.0030787 0.580322 0 2.98941 2.9872 -1.63907 0 -2.5 -1.63786 0 -2.49816 204 204 204 0
0.00310185 0.584685 0 2.99801 3.05748 -1.65471 0 -2.5 -1.68754 0 -2.54959 204 204 204 0
0.003125 0.589049 0 3.00672 3.01481 -1.67045 0 -2.5 -1.67494 0 -2.50673 204 204 204 0
0.00314815 0.593412 0 3.01554 3.00916 -1.68627 0 -2.5 -1.6827 0 -2.4947 204 204 204 0
0.0031713 0.597775 0 3.02448 3.05727 -1.70219 0 -2.5 -1.72065 0 -2.52711 204 204 204 0
0.00319444 0.602139 0 3.03352 3.03715 -1.7182 0 -2.5 -1.72026 0 -2.503 204 204 204 0
0.00321759 0.606502 0 3.04267 3.0599 -1.73431 0 -2.5 -1.74414 0 -2.51416 204 204 204 0
0.00324074 0.610865 0 3.05194 3.03362 -1.75052 0 -2.5 -1.74001 0 -2.485 204 204 204 0
0.00326389 0.615229 0 3.06132 3.10807 -1.76683 0 -2.5 -1.79381 0 -2.53818 204 204 204 0
0.00328704 0.619592 0 3.07082 3.06134 -1.78323 0 -2.5 -1.77773 0 -2.49228 204 204 204 0
0.00331019 0.623955 0 3.08043 3.12125 -1.79974 0 -2.5 -1.82359 0 -2.53312 204 204 204 0
0.00333333 0.628319 0 3.09017 3.15082 -1.81636 0 -2.5 -1.85201 0 -2.54907 204 204 204 0
0.00335648 0.632682 0 3.10003 3.22572 -1.83308 0 -2.5 -1.9074 0 -2.60136 204 204 204 0
0.00337963 0.637045 0 3.11001 3.08675 -1.8499 0 -2.5 -1.83607 0 -2.48131 204 204 204 0
0.00340278 0.641409 0 3.12011 3.15617 -1.86684 0 -2.5 -1.88841 0 -2.52889 204 204 204 0
0.00342593 0.645772 0 3.13034 3.09758 -1.88389 0 -2.5 -1.86417 0 -2.47384 204 204 204 0
0.00344907 0.650135 0 3.1407 3.11322 -1.90104 0 -2.5 -1.88442 0 -2.47813 204 204 204 0
0.00347222 0.654498 0 3.15118 3.19926 -1.91832 0 -2.5 -1.94759 0 -2.53815 204 204 204 0
0.00349537 0.658862 0 3.1618 3.12012 -1.93571 0 -2.5 -1.91019 0 -2.46705 204 204 204 0
0.00351852 0.663225 0 3.17255 3.22428 -1.95321 0 -2.5 -1.98507 0 -2.54077 204 204 204 0
0.00354167 0.667588 0 3.18343 3.17726 -1.97084 0 -2.5 -1.96702 0 -2.49516 204 204 204 0
0.00356481 0.671952 0 3.19445 3.22536 -1.98859 0 -2.5 -2.00784 0 -2.52419 204 204 204 0
0.00358796 0.676315 0 3.2056 3.19775 -2.00646 0 -2.5 -2.00154 0 -2.49387 204 204 204 0
0.00361111 0.680678 0 3.2169 3.20977 -2.02446 0 -2.5 -2.01998 0 -2.49446 204 204 204 0
0.00363426 0.685042 0 3.22834 3.22956 -2.04259 0 -2.5 -2.04336 0 -2.50095 204 204 204 0
0.00365741 0.689405 0 3.23992 3.22438 -2.06084 0 -2.5 -2.05096 0 -2.48801 204 204 204 0
0.00368056 0.693768 0 3.25164 3.2517 -2.07923 0 -2.5 -2.07926 0 -2.50004 204 204 204 0
0.0037037 0.698132 0 3.26352 3.2408 -2.09775 0 -2.5 -2.08314 0 -2.48259 204 204 204 0
0.00372685 0.702495 0 3.27554 3.28382 -2.11641 0 -2.5 -2.12176 0 -2.50632 204 204 204 0
0.00375 0.706858 0 3.28772 3.26815 -2.1352 0 -2.5 -2.12249 0 -2.48512 204 204 204 0
0.00377315 0.711222 0 3.30005 3.3555 -2.15414 0 -2.5 -2.19034 0 -2.54201 204 204 204 0
0.0037963 0.715585 0 3.31253 3.32066 -2.17322 0 -2.5 -2.17855 0 -2.50613 204 204 204 0
0.00381944 0.719948 0 3.32518 3.36657 -2.19244 0 -2.5 -2.21973 0 -2.53112 204 204 204 0
0.00384259 0.724312 0 3.33798 3.36875 -2.21181 0 -2.5 -2.2322 0 -2.52304 204 204 204 0
0.00386574 0.728675 0 3.35095 3.354 -2.23134 0 -2.5 -2.23337 0 -2.50228 204 204 204 0
0.00388889 0.733038 0 3.36408 3.37298 -2.25101 0 -2.5 -2.25697 0 -2.50661 204 204 204 0
0.00391204 0.737402 0 3.37738 3.33244 -2.27084 0 -2.5 -2.24062 0 -2.46674 204 204 204 0
0.00393519 0.741765 0 3.39085 3.41923 -2.29083 0 -2.5 -2.31 0 -2.52092 204 204 204 0
0.00395833 0.746128 0 3.4045 3.37419 -2.31098 0 -2.5 -2.2904 0 -2.47774 204 204 204 0
0.00398148 0.750492 0 3.41832 3.42833 -2.33129 0 -2.5 -2.33811 0 -2.50732 204 204 204 0
0.00400463 0.754855 0 3.43232 3.44147 -2.35177 0 -2.5 -2.35804 0 -2.50667 204 204 204 0
0.00402778 0.759218 0 3.4465 3.52488 -2.37241 0 -2.5 -2.42637 0 -2.55686 204 204 204 0
0.00405093 0.763582 0 3.46086 3.45254 -2.39323 0 -2.5 -2.38748 0 -2.49399 204 204 204 0
0.00407407 0.767945 0 3.47541 3.47838 -2.41422 0 -2.5 -2.41628 0 -2.50213 204 204 204 0
0.00409722 0.772308 0 3.49015 3.48566 -2.43539 0 -2.5 -2.43226 0 -2.49679 204 204 204 0
0.00412037 0.776672 0 3.50508 3.52456 -2.45674 0 -2.5 -2.4704 0 -2.51389 204 204 204 0
0.00414352 0.781035 0 3.52021 3.5267 -2.47828 0 -2.5 -2.48285 0 -2.50461 204 204 204 0
0.00416667 0.785398 0 3.53553 3.53696 -2.5 0 -2.5 -2.50101 0 -2.50101 204 204 204 0
0.00418981 0.789762 0 3.52021 3.5931 -2.5 0 -2.47828 -2.55177 0 -2.52959 204 204 204 0
0.00421296 0.794125 0 3.50508 3.54223 -2.5 0 -2.45674 -2.52649 0 -2.48278 204 204 204 0
0.00423611 0.798488 0 3.49015 3.45313 -2.5 0 -2.43539 -2.47349 0 -2.40956 204 204 204 0
0.00425926 0.802851 0 3.47541 3.50486 -2.5 0 -2.41422 -2.52119 0 -2.43468 204 204 204 0
0.00428241 0.807215 0 3.46086 3.50333 -2.5 0 -2.39323 -2.53068 0 -2.4226 204 204 204 0
0.00430556 0.811578 0 3.4465 3.49591 -2.5 0 -2.37241 -2.53584 0 -2.40642 204 204 204 0
0.0043287 0.815941 0 3.43232 3.39179 -2.5 0 -2.35177 -2.47048 0 -2.324 204 204 204 0
0.00435185 0.820305 0 3.41832 3.46507 -2.5 0 -2.33129 -2.53419 0 -2.36317 204 204 204 0
0.004375 0.824668 0 3.4045 3.4499 -2.5 0 -2.31098 -2.53334 0 -2.34179 204 204 204 0
0.00439815 0.829031 0 3.39085 3.41688 -2.5 0 -2.29083 -2.51919 0 -2.30841 204 204 204 0
0.0044213 0.833395 0 3.37738 3.37966 -2.5 0 -2.27084 -2.50168 0 -2.27237 204 204 204 0
0.00444444 0.837758 0 3.36408 3.3916 -2.5 0 -2.25101 -2.52045 0 -2.26942 204 204 204 0
0.00446759 0.842121 0 3.35095 3.37625 -2.5 0 -2.23133 -2.51887 0 -2.24818 204 204 204 0
0.00449074 0.846485 0 3.33798 3.30621 -2.5 0 -2.21181 -2.47621 0 -2.19076 204 204 204 0
0.00451389 0.850848 0 3.32518 3.33275 -2.5 0 -2.19244 -2.5057 0 -2.19744 204 204 204 0
0.00453704 0.855211 0 3.31253 3.36549 -2.5 0 -2.17322 -2.53997 0 -2.20796 204 204 204 0
0.00456019 0.859575 0 3.30005 3.36878 -2.5 0 -2.15414 -2.55207 0 -2.19901 204 204 204 0
0.00458333 0.863938 0 3.28772 3.32328 -2.5 0 -2.1352 -2.52704 0 -2.1583 204 204 204 0
0.00460648 0.868301 0 3.27554 3.33544 -2.5 0 -2.11641 -2.54572 0 -2.15511 204 204 204 0
0.00462963 0.872665 0 3.26352 3.30463 -2.5 0 -2.09775 -2.5315 0 -2.12418 204 204 204 0
0.00465278 0.877028 0 3.25164 3.29978 -2.5 0 -2.07923 -2.53701 0 -2.11001 204 204 204 0
0.00467593 0.881391 0 3.23992 3.23253 -2.5 0 -2.06084 -2.4943 0 -2.05614 204 204 204 0
0.00469907 0.885755 0 3.22834 3.27668 -2.5 0 -2.04259 -2.53743 0 -2.07317 204 204 204 0
0.00472222 0.890118 0 3.2169 3.20588 -2.5 0 -2.02446 -2.49144 0 -2.01753 204 204 204 0
0.00474537 0.894481 0 3.2056 3.23222 -2.5 0 -2.00646 -2.52075 0 -2.02312 204 204 204 0
0.00476852 0.898845 0 3.19445 3.21551 -2.5 0 -1.98859 -2.51648 0 -2.0017 204 204 204 0
0.00479167 0.903208 0 3.18343 3.2187 -2.5 0 -1.97084 -2.5277 0 -1.99268 204 204 204 0
0.00481481 0.907571 0 3.17255 3.21149 -2.5 0 -1.95321 -2.53069 0 -1.97719 204 204 204 0
0.00483796 0.911935 0 3.1618 3.13943 -2.5 0 -1.93571 -2.48232 0 -1.92201 204 204 204 0
0.00486111 0.916298 0 3.15118 3.14376 -2.5 0 -1.91832 -2.49412 0 -1.9138 204 204 204 0
0.00488426 0.920661 0 3.1407 3.17087 -2.5 0 -1.90104 -2.52402 0 -1.91931 204 204 204 0
0.00490741 0.925025 0 3.13034 3.20887 -2.5 0 -1.88389 -2.56272 0 -1.93115 204 204 204 0
0.00493056 0.929388 0 3.12011 3.09757 -2.5 0 -1.86684 -2.48194 0 -1.85335 204 204 204 0
0.0049537 0.933751 0 3.11001 3.13501 -2.5 0 -1.8499 -2.5201 0 -1.86478 204 204 204 0
0.00497685 0.938114 0 3.10003 3.11085 -2.5 0 -1.83308 -2.50872 0 -1.83947 204 204 204 0
0.005 0.942478 0 3.09017 3.14928 -2.5 0 -1.81636 -2.54782 0 -1.8511 204 204 204 0
0.00502315 0.946841 0 3.08043 3.14262 -2.5 0 -1.79974 -2.55047 0 -1.83607 204 204 204 0
0.0050463 0.951204 0 3.07082 3.11139 -2.5 0 -1.78323 -2.53303 0 -1.80679 204 204 204 0
0.00506944 0.955568 0 3.06132 3.10898 -2.5 0 -1.76683 -2.53892 0 -1.79433 204 204 204 0
0.00509259 0.959931 0 3.05194 3.08716 -2.5 0 -1.75052 -2.52885 0 -1.77072 204 204 204 0
0.00511574 0.964294 0 3.04267 3.08624 -2.5 0 -1.73431 -2.5358 0 -1.75915 204 204 204 0
0.00513889 0.968658 0 3.03352 3.02978 -2.5 0 -1.7182 -2.49692 0 -1.71609 204 204 204 0
0.00516204 0.973021 0 3.02448 3.01694 -2.5 0 -1.70219 -2.49377 0 -1.69795 204 204 204 0
0.00518519 0.977384 0 3.01554 3.02366 -2.5 0 -1.68627 -2.50673 0 -1.69081 204 204 204 0
0.00520833 0.981748 0 3.00672 3.00935 -2.5 0 -1.67045 -2.50219 0 -1.67191 204 204 204 0
0.00523148 0.986111 0 2.99801 2.98637 -2.5 0 -1.65471 -2.49029 0 -1.64829 204 204 204 0
0.00525463 0.990474 0 2.98941 2.97867 -2.5 0 -1.63907 -2.49102 0 -1.63319 204 204 204 0
0.00527778 0.994838 0 2.98091 2.98467 -2.5 0 -1.62352 -2.50316 0 -1.62557 204 204 204 0
0.00530093 0.999201 0 2.97251 3.01878 -2.5 0 -1.60805 -2.53892 0 -1.63308 204 204 204 0
0.00532407 1.00356 0 2.96422 3.00545 -2.5 0 -1.59268 -2.53477 0 -1.61483 204 204 204 0
0.00534722 1.00793 0 2.95603 2.97702 -2.5 0 -1.57738 -2.51774 0 -1.58858 204 204 204 0
0.00537037 1.01229 0 2.94795 2.94911 -2.5 0 -1.56217 -2.50099 0 -1.56279 204 204 204 0
0.00539352 1.01665 0 2.93996 2.99124 -2.5 0 -1.54705 -2.54361 0 -1.57403 204 204 204 0
0.00541667 1.02102 0 2.93207 2.90729 -2.5 0 -1.532 -2.47888 0 -1.51906 204 204 204 0
0.00543981 1.02538 0 2.92428 2.93936 -2.5 0 -1.51704 -2.5129 0 -1.52486 204 204 204 0
0.00546296 1.02974 0 2.91658 2.89645 -2.5 0 -1.50215 -2.48274 0 -1.49178 204 204 204 0
0.00548611 1.03411 0 2.90898 2.90478 -2.5 0 -1.48734 -2.49639 0 -1.48519 204 204 204 0
0.00550926 1.03847 0 2.90148 2.95494 -2.5 0 -1.47261 -2.54606 0 -1.49974 204 204 204 0
0.00553241 1.04283 0 2.89407 2.89255 -2.5 0 -1.45796 -2.49869 0 -1.45719 204 204 204 0
0.00555556 1.0472 0 2.88675 2.87532 -2.5 0 -1.44338 -2.4901 0 -1.43766 204 204 204 0
0.0055787 1.05156 0 2.87953 2.91304 -2.5 0 -1.42887 -2.5291 0 -1.4455 204 204 204 0
0.00560185 1.05592 0 2.87239 2.8922 -2.5 0 -1.41443 -2.51724 0 -1.42419 204 204 204 0
0.005625 1.06029 0 2.86534 2.87488 -2.5 0 -1.40007 -2.50832 0 -1.40473 204 204 204 0
0.00564815 1.06465 0 2.85839 2.93613 -2.5 0 -1.38577 -2.568 0 -1.42347 204 204 204 0
0.0056713 1.06901 0 2.85152 2.85851 -2.5 0 -1.37155 -2.50613 0 -1.37491 204 204 204 0
0.00569444 1.07338 0 2.84473 2.83599 -2.5 0 -1.35739 -2.49231 0 -1.35322 204 204 204 0
0.00571759 1.07774 0 2.83804 2.84823 -2.5 0 -1.3433 -2.50898 0 -1.34812 204 204 204 0
0.00574074 1.0821 0 2.83143 2.82237 -2.5 0 -1.32927 -2.49201 0 -1.32502 204 204 204 0
0.00576389 1.08647 0 2.8249 2.8066 -2.5 0 -1.31531 -2.4838 0 -1.30679 204 204 204 0
0.00578704 1.09083 0 2.81846 2.85638 -2.5 0 -1.30142 -2.53364 0 -1.31893 204 204 204 0
0.00581019 1.09519 0 2.81209 2.82726 -2.5 0 -1.28758 -2.51349 0 -1.29453 204 204 204 0
0.00583333 1.09956 0 2.80582 2.78213 -2.5 0 -1.27381 -2.4789 0 -1.26306 204 204 204 0
0.00585648 1.10392 0 2.79962 2.82345 -2.5 0 -1.2601 -2.52128 0 -1.27083 204 204 204 0
0.00587963 1.10828 0 2.7935 2.86365 -2.5 0 -1.24645 -2.56278 0 -1.27776 204 204 204 0
0.00590278 1.11265 0 2.78746 2.85283 -2.5 0 -1.23286 -2.55862 0 -1.26177 204 204 204 0
0.00592593 1.11701 0 2.7815 2.77589 -2.5 0 -1.21933 -2.49496 0 -1.21687 204 204 204 0
0.00594907 1.12137 0 2.77562 2.80195 -2.5 0 -1.20586 -2.52371 0 -1.21729 204 204 204 0
0.00597222 1.12574 0 2.76982 2.79599 -2.5 0 -1.19244 -2.52362 0 -1.2037 204 204 204 0
0.00599537 1.1301 0 2.7641 2.78218 -2.5 0 -1.17908 -2.51636 0 -1.18679 204 204 204 0
0.00601852 1.13446 0 2.75844 2.77453 -2.5 0 -1.16577 -2.51458 0 -1.17257 204 204 204 0
0.00604167 1.13883 0 2.75287 2.76078 -2.5 0 -1.15252 -2.50718 0 -1.15583 204 204 204 0
0.00606481 1.14319 0 2.74737 2.77167 -2.5 0 -1.13932 -2.52212 0 -1.14939 204 204 204 0
0.00608796 1.14755 0 2.74194 2.74909 -2.5 0 -1.12617 -2.50651 0 -1.1291 204 204 204 0
0.00611111 1.15192 0 2.73659 2.75314 -2.5 0 -1.11307 -2.51512 0 -1.1198 204 204 204 0
0.00613426 1.15628 0 2.73131 2.7498 -2.5 0 -1.10003 -2.51692 0 -1.10747 204 204 204 0
0.00615741 1.16064 0 2.7261 2.76663 -2.5 0 -1.08703 -2.53717 0 -1.10319 204 204 204 0
0.00618056 1.16501 0 2.72097 2.71307 -2.5 0 -1.07408 -2.49275 0 -1.07097 204 204 204 0
0.0062037 1.16937 0 2.7159 2.74518 -2.5 0 -1.06119 -2.52696 0 -1.07263 204 204 204 0
0.00622685 1.17373 0 2.71091 2.68508 -2.5 0 -1.04834 -2.47618 0 -1.03835 204 204 204 0
0.00625 1.1781 0 2.70598 2.74777 -2.5 0 -1.03553 -2.53861 0 -1.05153 204 204 204 0
0.00627315 1.18246 0 2.70112 2.68834 -2.5 0 -1.02278 -2.48817 0 -1.01794 204 204 204 0
0.0062963 1.18682 0 2.69634 2.67711 -2.5 0 -1.01007 -2.48218 0 -1.00287 204 204 204 0
0.00631944 1.19119 0 2.69162 2.69593 -2.5 0 -0.997399 -2.504 0 -0.998995 204 204 204 0
0.00634259 1.19555 0 2.68697 2.71289 -2.5 0 -0.984776 -2.52412 0 -0.994279 204 204 204 0
0.00636574 1.19991 0 2.68238 2.67304 -2.5 0 -0.972197 -2.49129 0 -0.968811 204 204 204 0
0.00638889 1.20428 0 2.67786 2.73207 -2.5 0 -0.95966 -2.55061 0 -0.979085 204 204 204 0
0.00641204 1.20864 0 2.67341 2.76758 -2.5 0 -0.947165 -2.58806 0 -0.980528 204 204 204 0
0.00643519 1.213 0 2.66902 2.64249 -2.5 0 -0.934711 -2.47515 0 -0.925421 204 204 204 0
0.00645833 1.21737 0 2.6647 2.69037 -2.5 0 -0.922299 -2.52408 0 -0.931182 204 204 204 0
0.00648148 1.22173 0 2.66044 2.63058 -2.5 0 -0.909925 -2.47193 0 -0.89971 204 204 204 0
0.00650463 1.22609 0 2.65625 2.66076 -2.5 0 -0.897592 -2.50424 0 -0.899115 204 204 204 0
0.00652778 1.23046 0 2.65212 2.65039 -2.5 0 -0.885296 -2.49837 0 -0.884718 204 204 204 0
0.00655093 1.23482 0 2.64805 2.63859 -2.5 0 -0.873038 -2.49106 0 -0.869916 204 204 204 0
0.00657407 1.23918 0 2.64405 2.64647 -2.5 0 -0.860819 -2.50229 0 -0.861607 204 204 204 0
0.00659722 1.24355 0 2.64011 2.64711 -2.5 0 -0.848635 -2.50663 0 -0.850887 204 204 204 0
0.00662037 1.24791 0 2.63623 2.64409 -2.5 0 -0.836489 -2.50745 0 -0.838982 204 204 204 0
0.00664352 1.25227 0 2.63241 2.5949 -2.5 0 -0.824376 -2.46437 0 -0.812628 204 204 204 0
0.00666667 1.25664 0 2.62866 2.67099 -2.5 0 -0.8123 -2.54027 0 -0.825383 204 204 204 0
0.00668981 1.261 0 2.62496 2.6386 -2.5 0 -0.800256 -2.513 0 -0.804416 204 204 204 0
0.00671296 1.26536 0 2.62132 2.62408 -2.5 0 -0.788247 -2.50263 0 -0.789078 204 204 204 0
0.00673611 1.26973 0 2.61775 2.62126 -2.5 0 -0.776271 -2.50335 0 -0.777311 204 204 204 0
0.00675926 1.27409 0 2.61423 2.63878 -2.5 0 -0.764327 -2.52348 0 -0.771506 204 204 204 0
0.00678241 1.27845 0 2.61077 2.58785 -2.5 0 -0.752415 -2.47805 0 -0.745809 204 204 204 0
0.00680556 1.28282 0 2.60737 2.58891 -2.5 0 -0.740533 -2.4823 0 -0.735291 204 204 204 0
0.0068287 1.28718 0 2.60403 2.61077 -2.5 0 -0.728684 -2.50647 0 -0.73057 204 204 204 0
0.00685185 1.29154 0 2.60075 2.6007 -2.5 0 -0.716863 -2.49995 0 -0.71685 204 204 204 0
0.006875 1.29591 0 2.59752 2.6156 -2.5 0 -0.705073 -2.51739 0 -0.709979 204 204 204 0
0.00689815 1.30027 0 2.59436 2.63517 -2.5 0 -0.693311 -2.53933 0 -0.704219 204 204 204 0
0.0069213 1.30463 0 2.59124 2.63951 -2.5 0 -0.681579 -2.54657 0 -0.694274 204 204 204 0
0.00694444 1.309 0 2.58819 2.61429 -2.5 0 -0.669873 -2.52521 0 -0.676628 204 204 204 0
0.00696759 1.31336 0 2.58519 2.64056 -2.5 0 -0.658196 -2.55355 0 -0.672293 204 204 204 0
0.00699074 1.31772 0 2.58225 2.62181 -2.5 0 -0.646544 -2.5383 0 -0.656449 204 204 204 0
0.00701389 1.32209 0 2.57936 2.56499 -2.5 0 -0.634919 -2.48606 0 -0.631379 204 204 204 0
0.00703704 1.32645 0 2.57653 2.56292 -2.5 0 -0.62332 -2.48679 0 -0.620027 204 204 204 0
0.00706019 1.33081 0 2.57376 2.59561 -2.5 0 -0.611746 -2.52122 0 -0.616939 204 204 204 0
0.00708333 1.33518 0 2.57104 2.58227 -2.5 0 -0.600197 -2.51092 0 -0.602818 204 204 204 0
0.00710648 1.33954 0 2.56837 2.53859 -2.5 0 -0.588672 -2.47101 0 -0.581846 204 204 204 0
0.00712963 1.3439 0 2.56576 2.56805 -2.5 0 -0.577171 -2.50223 0 -0.577686 204 204 204 0
0.00715278 1.34827 0 2.5632 2.60703 -2.5 0 -0.565692 -2.54274 0 -0.575364 204 204 204 0
0.00717593 1.35263 0 2.5607 2.55318 -2.5 0 -0.554237 -2.49266 0 -0.552611 204 204 204 0
0.00719907 1.35699 0 2.55825 2.537 -2.5 0 -0.542803 -2.47924 0 -0.538296 204 204 204 0
0.00722222 1.36136 0 2.55585 2.59008 -2.5 0 -0.531391 -2.53348 0 -0.538506 204 204 204 0
0.00724537 1.36572 0 2.55351 2.52205 -2.5 0 -0.520001 -2.4692 0 -0.513594 204 204 204 0
0.00726852 1.37008 0 2.55122 2.53924 -2.5 0 -0.50863 -2.48826 0 -0.506242 204 204 204 0
0.00729167 1.37445 0 2.54898 2.58335 -2.5 0 -0.497281 -2.53372 0 -0.503988 204 204 204 0
0.00731481 1.37881 0 2.54679 2.5886 -2.5 0 -0.48595 -2.54104 0 -0.493929 204 204 204 0
0.00733796 1.38317 0 2.54466 2.54691 -2.5 0 -0.47464 -2.50221 0 -0.475059 204 204 204 0
0.00736111 1.38754 0 2.54258 2.53049 -2.5 0 -0.463347 -2.48811 0 -0.461144 204 204 204 0
0.00738426 1.3919 0 2.54055 2.552 -2.5 0 -0.452074 -2.51127 0 -0.454112 204 204 204 0
0.00740741 1.39626 0 2.53857 2.56271 -2.5 0 -0.440817 -2.52378 0 -0.44501 204 204 204 0
0.00743056 1.40063 0 2.53664 2.62363 -2.5 0 -0.429579 -2.58574 0 -0.444311 204 204 204 0
0.0074537 1.40499 0 2.53476 2.54071 -2.5 0 -0.418357 -2.50587 0 -0.419339 204 204 204 0
0.00747685 1.40935 0 2.53294 2.51113 -2.5 0 -0.40715 -2.47848 0 -0.403645 204 204 204 0
0.0075 1.41372 0 2.53116 2.62402 -2.5 0 -0.395961 -2.59171 0 -0.410487 204 204 204 0
0.00752315 1.41808 0 2.52944 2.5284 -2.5 0 -0.384786 -2.49897 0 -0.384628 204 204 204 0
0.0075463 1.42244 0 2.52777 2.54173 -2.5 0 -0.373628 -2.51381 0 -0.375692 204 204 204 0
0.00756944 1.42681 0 2.52614 2.51966 -2.5 0 -0.362482 -2.49358 0 -0.361552 204 204 204 0
0.00759259 1.43117 0 2.52457 2.52792 -2.5 0 -0.351352 -2.50332 0 -0.351819 204 204 204 0
0.00761574 1.43553 0 2.52305 2.56731 -2.5 0 -0.340235 -2.54386 0 -0.346203 204 204 204 0
0.00763889 1.4399 0 2.52157 2.52229 -2.5 0 -0.329132 -2.50072 0 -0.329226 204 204 204 0
0.00766204 1.44426 0 2.52015 2.5394 -2.5 0 -0.31804 -2.5191 0 -0.320469 204 204 204 0
0.00768519 1.44862 0 2.51877 2.53509 -2.5 0 -0.306961 -2.51619 0 -0.308949 204 204 204 0
0.00770833 1.45299 0 2.51745 2.5532 -2.5 0 -0.295895 -2.5355 0 -0.300097 204 204 204 0
0.00773148 1.45735 0 2.51617 2.54711 -2.5 0 -0.284839 -2.53073 0 -0.28834 204 204 204 0
0.00775463 1.46171 0 2.51495 2.59839 -2.5 0 -0.273795 -2.58295 0 -0.282879 204 204 204 0
0.00777778 1.46608 0 2.51377 2.50306 -2.5 0 -0.26276 -2.48935 0 -0.261641 204 204 204 0
0.00780093 1.47044 0 2.51264 2.56624 -2.5 0 -0.251737 -2.55333 0 -0.257107 204 204 204 0
0.00782407 1.4748 0 2.51156 2.53045 -2.5 0 -0.240722 -2.5188 0 -0.242533 204 204 204 0
0.00784722 1.47917 0 2.51053 2.474 -2.5 0 -0.229718 -2.46362 0 -0.226375 204 204 204 0
0.00787037 1.48353 0 2.50955 2.52642 -2.5 0 -0.218722 -2.5168 0 -0.220192 204 204 204 0
0.00789352 1.48789 0 2.50862 2.55037 -2.5 0 -0.207733 -2.54161 0 -0.211191 204 204 204 0
0.00791667 1.49226 0 2.50773 2.53283 -2.5 0 -0.196754 -2.52502 0 -0.198723 204 204 204 0
0.00793981 1.49662 0 2.50689 2.52934 -2.5 0 -0.185782 -2.52238 0 -0.187445 204 204 204 0
0.00796296 1.50098 0 2.5061 2.51802 -2.5 0 -0.174817 -2.51189 0 -0.175649 204 204 204 0
0.00798611 1.50535 0 2.50536 2.52329 -2.5 0 -0.163858 -2.51788 0 -0.16503 204 204 204 0
0.00800926 1.50971 0 2.50467 2.52827 -2.5 0 -0.152907 -2.52355 0 -0.154347 204 204 204 0
0.00803241 1.51407 0 2.50403 2.53703 -2.5 0 -0.14196 -2.53295 0 -0.143831 204 204 204 0
0.00805556 1.51844 0 2.50343 2.55959 -2.5 0 -0.13102 -2.55608 0 -0.133959 204 204 204 0
0.0080787 1.5228 0 2.50288 2.54857 -2.5 0 -0.120084 -2.54563 0 -0.122275 204 204 204 0
0.00810185 1.52716 0 2.50238 2.52297 -2.5 0 -0.109153 -2.52057 0 -0.110051 204 204 204 0
0.008125 1.53153 0 2.50193 2.48049 -2.5 0 -0.0982253 -2.47858 0 -0.0973838 204 204 204 0
0.00814815 1.53589 0 2.50152 2.47443 -2.5 0 -0.0873014 -2.47292 0 -0.0863558 204 204 204 0
0.0081713 1.54025 0 2.50117 2.57303 -2.5 0 -0.076382 -2.57183 0 -0.0785767 204 204 204 0
0.00819444 1.54462 0 2.50086 2.46948 -2.5 0 -0.0654644 -2.46864 0 -0.0646431 204 204 204 0
0.00821759 1.54898 0 2.5006 2.50881 -2.5 0 -0.0545504 -2.50821 0 -0.0547297 204 204 204 0
0.00824074 1.55334 0 2.50038 2.49116 -2.5 0 -0.0436374 -2.49078 0 -0.0434765 204 204 204 0
0.00826389 1.55771 0 2.50021 2.50792 -2.5 0 -0.0327272 -2.5077 0 -0.032828 204 204 204 0
0.00828704 1.56207 0 2.5001 2.47942 -2.5 0 -0.021817 -2.47932 0 -0.0216366 204 204 204 0
0.00831019 1.56643 0 2.50002 2.48815 -2.5 0 -0.0109089 -2.48812 0 -0.010857 204 204 204 0
0.00833333 1.5708 0 2.5 2.52293 -2.5 0 2.98122e-08 -2.52293 0 3.00856e-08 204 204 204 0
0.00835648 1.57516 0 2.50002 2.5437 -2.5 0 0.0109089 -2.54368 0 0.0110995 204 204 204 0
0.00837963 1.57952 0 2.5001 2.53482 -2.5 0 0.0218171 -2.53472 0 0.0221201 204 204 204 0
0.00840278 1.58389 0 2.50021 2.50563 -2.5 0 0.0327272 -2.50542 0 0.0327981 204 204 204 0
0.00842593 1.58825 0 2.50038 2.5023 -2.5 0 0.0436374 -2.50192 0 0.0436709 204 204 204 0
0.00844907 1.59261 0 2.5006 2.56778 -2.5 0 0.0545505 -2.56717 0 0.0560162 204 204 204 0
0.00847222 1.59698 0 2.50086 2.46679 -2.5 0 0.0654645 -2.46594 0 0.0645726 204 204 204 0
0.00849537 1.60134 0 2.50117 2.54211 -2.5 0 0.0763821 -2.54092 0 0.0776324 204 204 204 0
0.00851852 1.6057 0 2.50152 2.50711 -2.5 0 0.0873014 -2.50559 0 0.0874965 204 204 204 0
0.00854167 1.61007 0 2.50193 2.49654 -2.5 0 0.0982253 -2.49461 0 0.0980136 204 204 204 0
0.00856481 1.61443 0 2.50238 2.52052 -2.5 0 0.109153 -2.51812 0 0.109944 204 204 204 0
0.00858796 1.61879 0 2.50288 2.49675 -2.5 0 0.120084 -2.49387 0 0.119789 204 204 204 0
0.00861111 1.62316 0 2.50343 2.51318 -2.5 0 0.13102 -2.50974 0 0.13153 204 204 204 0
0.00863426 1.62752 0 2.50403 2.52417 -2.5 0 0.14196 -2.52011 0 0.143102 204 204 204 0
0.00865741 1.63188 0 2.50467 2.50268 -2.5 0 0.152907 -2.49801 0 0.152785 204 204 204 0
0.00868056 1.63625 0 2.50536 2.54613 -2.5 0 0.163858 -2.54068 0 0.166525 204 204 204 0
0.0087037 1.64061 0 2.5061 2.47011 -2.5 0 0.174817 -2.46409 0 0.172306 204 204 204 0
0.00872685 1.64497 0 2.50689 2.52119 -2.5 0 0.185782 -2.51426 0 0.186841 204 204 204 0
0.00875 1.64934 0 2.50773 2.56635 -2.5 0 0.196754 -2.55843 0 0.201353 204 204 204 0
0.00877315 1.6537 0 2.50862 2.51194 -2.5 0 0.207733 -2.50331 0 0.208008 204 204 204 0
0.0087963 1.65806 0 2.50955 2.48616 -2.5 0 0.218722 -2.4767 0 0.216683 204 204 204 0
0.00881944 1.66243 0 2.51053 2.53307 -2.5 0 0.229718 -2.52245 0 0.231781 204 204 204 0
0.00884259 1.66679 0 2.51156 2.49694 -2.5 0 0.240723 -2.48544 0 0.239321 204 204 204 0
0.00886574 1.67115 0 2.51264 2.49027 -2.5 0 0.251737 -2.47774 0 0.249496 204 204 204 0
0.00888889 1.67552 0 2.51377 2.55891 -2.5 0 0.26276 -2.5449 0 0.267479 204 204 204 0
0.00891204 1.67988 0 2.51495 2.56768 -2.5 0 0.273795 -2.55242 0 0.279535 204 204 204 0
0.00893519 1.68424 0 2.51617 2.53441 -2.5 0 0.284839 -2.51811 0 0.286902 204 204 204 0
0.00895833 1.68861 0 2.51745 2.53262 -2.5 0 0.295895 -2.51506 0 0.297678 204 204 204 0
0.00898148 1.69297 0 2.51877 2.53716 -2.5 0 0.306961 -2.51825 0 0.309201 204 204 204 0
0.00900463 1.69733 0 2.52015 2.53164 -2.5 0 0.31804 -2.5114 0 0.319491 204 204 204 0
0.00902778 1.7017 0 2.52157 2.53974 -2.5 0 0.329132 -2.51801 0 0.331502 204 204 204 0
0.00905093 1.70606 0 2.52305 2.56597 -2.5 0 0.340235 -2.54254 0 0.346024 204 204 204 0
0.00907407 1.71042 0 2.52457 2.54941 -2.5 0 0.351352 -2.5246 0 0.35481 204 204 204 0
0.00909722 1.71479 0 2.52614 2.5452 -2.5 0 0.362483 -2.51886 0 0.365217 204 204 204 0
0.00912037 1.71915 0 2.52777 2.51416 -2.5 0 0.373628 -2.48654 0 0.371617 204 204 204 0
0.00914352 1.72351 0 2.52944 2.53483 -2.5 0 0.384786 -2.50533 0 0.385606 204 204 204 0
0.00916667 1.72788 0 2.53116 2.53433 -2.5 0 0.395961 -2.50313 0 0.396457 204 204 204 0
0.00918981 1.73224 0 2.53294 2.54071 -2.5 0 0.40715 -2.50767 0 0.4084 204 204 204 0
0.00921296 1.7366 0 2.53476 2.54276 -2.5 0 0.418357 -2.50789 0 0.419677 204 204 204 0
0.00923611 1.74097 0 2.53664 2.57413 -2.5 0 0.429579 -2.53695 0 0.435928 204 204 204 0
0.00925926 1.74533 0 2.53857 2.54942 -2.5 0 0.440817 -2.51069 0 0.442702 204 204 204 0
0.00928241 1.74969 0 2.54055 2.56754 -2.5 0 0.452074 -2.52656 0 0.456878 204 204 204 0
0.00930556 1.75406 0 2.54258 2.57606 -2.5 0 0.463347 -2.53293 0 0.46945 204 204 204 0
0.0093287 1.75842 0 2.54466 2.52505 -2.5 0 0.47464 -2.48074 0 0.470983 204 204 204 0
0.00935185 1.76278 0 2.54679 2.59802 -2.5 0 0.48595 -2.55029 0 0.495726 204 204 204 0
0.009375 1.76715 0 2.54898 2.56277 -2.5 0 0.497281 -2.51353 0 0.499972 204 204 204 0
0.00939815 1.77151 0 2.55122 2.5467 -2.5 0 0.50863 -2.49557 0 0.50773 204 204 204 0
0.0094213 1.77587 0 2.55351 2.57379 -2.5 0 0.520001 -2.51985 0 0.524131 204 204 204 0
0.00944444 1.78024 0 2.55585 2.5463 -2.5 0 0.531391 -2.49065 0 0.529404 204 204 204 0
0.00946759 1.7846 0 2.55825 2.56992 -2.5 0 0.542803 -2.51141 0 0.545281 204 204 204 0
0.00949074 1.78896 0 2.5607 2.55375 -2.5 0 0.554237 -2.49321 0 0.552733 204 204 204 0
0.00951389 1.79333 0 2.5632 2.6126 -2.5 0 0.565692 -2.54818 0 0.576593 204 204 204 0
0.00953704 1.79769 0 2.56576 2.57097 -2.5 0 0.577171 -2.50508 0 0.578343 204 204 204 0
0.00956019 1.80205 0 2.56837 2.59375 -2.5 0 0.588672 -2.5247 0 0.594488 204 204 204 0
0.00958333 1.80642 0 2.57104 2.64599 -2.5 0 0.600197 -2.57288 0 0.617695 204 204 204 0
0.00960648 1.81078 0 2.57376 2.62221 -2.5 0 0.611746 -2.54706 0 0.623262 204 204 204 0
0.00962963 1.81514 0 2.57653 2.59386 -2.5 0 0.62332 -2.51681 0 0.627512 204 204 204 0
0.00965278 1.81951 0 2.57936 2.61874 -2.5 0 0.634919 -2.53816 0 0.64461 204 204 204 0
0.00967593 1.82387 0 2.58225 2.63249 -2.5 0 0.646544 -2.54864 0 0.659122 204 204 204 0
0.00969907 1.82823 0 2.58519 2.59555 -2.5 0 0.658196 -2.51001 0 0.660832 204 204 204 0
0.00972222 1.8326 0 2.58819 2.61466 -2.5 0 0.669873 -2.52557 0 0.676723 204 204 204 0
0.00974537 1.83696 0 2.59124 2.61804 -2.5 0 0.681579 -2.52586 0 0.688628 204 204 204 0
0.00976852 1.84132 0 2.59436 2.61331 -2.5 0 0.693311 -2.51826 0 0.698375 204 204 204 0
0.00979167 1.84569 0 2.59752 2.64943 -2.5 0 0.705073 -2.54996 0 0.719164 204 204 204 0
0.00981481 1.85005 0 2.60075 2.65502 -2.5 0 0.716863 -2.55217 0 0.731822 204 204 204 0
0.00983796 1.85441 0 2.60403 2.56806 -2.5 0 0.728684 -2.46547 0 0.718619 204 204 204 0
0.00986111 1.85878 0 2.60737 2.61599 -2.5 0 0.740533 -2.50827 0 0.742982 204 204 204 0
0.00988426 1.86314 0 2.61077 2.64523 -2.5 0 0.752415 -2.53299 0 0.762345 204 204 204 0
0.00990741 1.8675 0 2.61423 2.60049 -2.5 0 0.764327 -2.48686 0 0.760311 204 204 204 0
0.00993056 1.87187 0 2.61775 2.61231 -2.5 0 0.77627 -2.49481 0 0.774659 204 204 204 0
0.0099537 1.87623 0 2.62132 2.65725 -2.5 0 0.788248 -2.53427 0 0.799052 204 204 204 0
0.00997685 1.88059 0 2.62496 2.6688 -2.5 0 0.800256 -2.54175 0 0.813622 204 204 204 0
0.01 1.88496 0 2.62866 2.66343 -2.5 0 0.8123 -2.53307 0 0.823045 204 204 204 0
0.0100231 1.88932 0 2.63241 2.65827 -2.5 0 0.824376 -2.52456 0 0.832473 204 204 204 0
0.0100463 1.89368 0 2.63623 2.68619 -2.5 0 0.836489 -2.54738 0 0.852341 204 204 204 0
0.0100694 1.89805 0 2.64011 2.65575 -2.5 0 0.848635 -2.51481 0 0.853662 204 204 204 0
0.0100926 1.90241 0 2.64405 2.65914 -2.5 0 0.860819 -2.51427 0 0.865733 204 204 204 0
0.0101157 1.90677 0 2.64806 2.67344 -2.5 0 0.87304 -2.52396 0 0.881408 204 204 204 0
0.0101389 1.91114 0 2.65212 2.68142 -2.5 0 0.885296 -2.52762 0 0.895077 204 204 204 0
0.010162 1.9155 0 2.65625 2.72749 -2.5 0 0.897592 -2.56705 0 0.921666 204 204 204 0
0.0101852 1.91986 0 2.66044 2.70036 -2.5 0 0.909926 -2.53751 0 0.923579 204 204 204 0
0.0102083 1.92423 0 2.6647 2.67832 -2.5 0 0.922299 -2.51278 0 0.927014 204 204 204 0
0.0102315 1.92859 0 2.66902 2.70178 -2.5 0 0.934711 -2.53069 0 0.946184 204 204 204 0
0.0102546 1.93295 0 2.67341 2.68438 -2.5 0 0.947166 -2.51026 0 0.951052 204 204 204 0
0.0102778 1.93732 0 2.67786 2.66211 -2.5 0 0.95966 -2.48529 0 0.954013 204 204 204 0
0.0103009 1.94168 0 2.68238 2.66433 -2.5 0 0.972197 -2.48318 0 0.965656 204 204 204 0
0.0103241 1.94604 0 2.68697 2.69823 -2.5 0 0.984776 -2.51048 0 0.988904 204 204 204 0
0.0103472 1.95041 0 2.69162 2.74614 -2.5 0 0.997399 -2.55065 0 1.0176 204 204 204 0
0.0103704 1.95477 0 2.69634 2.74873 -2.5 0 1.01007 -2.54858 0 1.02969 204 204 204 0
0.0103935 1.95913 0 2.70112 2.70435 -2.5 0 1.02278 -2.50298 0 1.024 204 204 204 0
0.0104167 1.9635 0 2.70598 2.76478 -2.5 0 1.03553 -2.55433 0 1.05804 204 204 204 0
0.0104398 1.96786 0 2.71091 2.71708 -2.5 0 1.04834 -2.5057 0 1.05073 204 204 204 0
0.010463 1.97222 0 2.7159 2.75163 -2.5 0 1.06119 -2.53289 0 1.07515 204 204 204 0
0.0104861 1.97659 0 2.72097 2.74003 -2.5 0 1.07408 -2.51752 0 1.08161 204 204 204 0
0.0105093 1.98095 0 2.7261 2.72863 -2.5 0 1.08703 -2.50232 0 1.08804 204 204 204 0
0.0105324 1.98531 0 2.73131 2.76367 -2.5 0 1.10003 -2.52962 0 1.11306 204 204 204 0
0.0105556 1.98968 0 2.73659 2.76756 -2.5 0 1.11307 -2.52829 0 1.12567 204 204 204 0
0.0105787 1.99404 0 2.74194 2.74592 -2.5 0 1.12617 -2.50363 0 1.1278 204 204 204 0
0.0106019 1.9984 0 2.74737 2.74409 -2.5 0 1.13932 -2.49702 0 1.13796 204 204 204 0
0.010625 2.00277 0 2.75287 2.78809 -2.5 0 1.15252 -2.53199 0 1.16726 204 204 204 0
0.0106481 2.00713 0 2.75844 2.76414 -2.5 0 1.16577 -2.50516 0 1.16818 204 204 204 0
0.0106713 2.01149 0 2.7641 2.81657 -2.5 0 1.17908 -2.54746 0 1.20146 204 204 204 0
0.0106944 2.01586 0 2.76982 2.76515 -2.5 0 1.19244 -2.49579 0 1.19043 204 204 204 0
0.0107176 2.02022 0 2.77562 2.82512 -2.5 0 1.20586 -2.54458 0 1.22736 204 204 204 0
0.0107407 2.02458 0 2.7815 2.78157 -2.5 0 1.21933 -2.50006 0 1.21936 204 204 204 0
0.0107639 2.02895 0 2.78746 2.75495 -2.5 0 1.23286 -2.47084 0 1.21848 204 204 204 0
0.010787 2.03331 0 2.7935 2.85199 -2.5 0 1.24645 -2.55234 0 1.27255 204 204 204 0
0.0108102 2.03767 0 2.79962 2.88098 -2.5 0 1.2601 -2.57266 0 1.29673 204 204 204 0
0.0108333 2.04204 0 2.80582 2.77847 -2.5 0 1.27381 -2.47563 0 1.2614 204 204 204 0
0.0108565 2.0464 0 2.81209 2.81215 -2.5 0 1.28758 -2.50005 0 1.28761 204 204 204 0
0.0108796 2.05076 0 2.81845 2.88287 -2.5 0 1.30142 -2.55714 0 1.33116 204 204 204 0
0.0109028 2.05513 0 2.8249 2.80696 -2.5 0 1.31531 -2.48412 0 1.30696 204 204 204 0
0.0109259 2.05949 0 2.83143 2.81026 -2.5 0 1.32927 -2.48131 0 1.31934 204 204 204 0
0.0109491 2.06385 0 2.83804 2.90334 -2.5 0 1.3433 -2.55752 0 1.37421 204 204 204 0
0.0109722 2.06822 0 2.84473 2.84805 -2.5 0 1.35739 -2.50292 0 1.35897 204 204 204 0
0.0109954 2.07258 0 2.85151 2.86796 -2.5 0 1.37155 -2.51442 0 1.37945 204 204 204 0
0.0110185 2.07694 0 2.85839 2.81873 -2.5 0 1.38577 -2.46532 0 1.36655 204 204 204 0
0.0110417 2.08131 0 2.86534 2.89384 -2.5 0 1.40007 -2.52487 0 1.41399 204 204 204 0
0.0110648 2.08567 0 2.87239 2.91008 -2.5 0 1.41443 -2.53281 0 1.43299 204 204 204 0
0.011088 2.09003 0 2.87952 2.83063 -2.5 0 1.42887 -2.45755 0 1.4046 204 204 204 0
0.0111111 2.0944 0 2.88675 2.91868 -2.5 0 1.44338 -2.52765 0 1.45934 204 204 204 0
0.0111343 2.09876 0 2.89407 2.88624 -2.5 0 1.45796 -2.49324 0 1.45401 204 204 204 0
0.0111574 2.10312 0 2.90148 2.94793 -2.5 0 1.47261 -2.54002 0 1.49619 204 204 204 0
0.0111806 2.10749 0 2.90898 2.90134 -2.5 0 1.48734 -2.49343 0 1.48344 204 204 204 0
0.0112037 2.11185 0 2.91658 2.88266 -2.5 0 1.50215 -2.47093 0 1.48468 204 204 204 0
0.0112269 2.11621 0 2.92428 2.94643 -2.5 0 1.51704 -2.51894 0 1.52853 204 204 204 0
0.01125 2.12058 0 2.93207 2.93537 -2.5 0 1.532 -2.50281 0 1.53373 204 204 204 0
0.0112731 2.12494 0 2.93996 2.99853 -2.5 0 1.54705 -2.5498 0 1.57787 204 204 204 0
0.0112963 2.1293 0 2.94795 2.90522 -2.5 0 1.56217 -2.46377 0 1.53953 204 204 204 0
0.0113194 2.13367 0 2.95603 2.95682 -2.5 0 1.57738 -2.50067 0 1.5778 204 204 204 0
0.0113426 2.13803 0 2.96422 2.96403 -2.5 0 1.59268 -2.49984 0 1.59257 204 204 204 0
0.0113657 2.14239 0 2.97251 2.93522 -2.5 0 1.60805 -2.46864 0 1.58788 204 204 204 0
0.0113889 2.14675 0 2.98091 3.00781 -2.5 0 1.62352 -2.52256 0 1.63817 204 204 204 0
0.011412 2.15112 0 2.98941 3.02929 -2.5 0 1.63907 -2.53335 0 1.66094 204 204 204 0
0.0114352 2.15548 0 2.99801 3.02124 -2.5 0 1.65471 -2.51937 0 1.66753 204 204 204 0
0.0114583 2.15984 0 3.00673 2.99795 -2.5 0 1.67045 -2.49271 0 1.66557 204 204 204 0
0.0114815 2.16421 0 3.01554 2.99365 -2.5 0 1.68627 -2.48185 0 1.67403 204 204 204 0
0.0115046 2.16857 0 3.02448 3.08528 -2.5 0 1.70219 -2.55026 0 1.73641 204 204 204 0
0.0115278 2.17293 0 3.03352 2.99839 -2.5 0 1.7182 -2.47105 0 1.69831 204 204 204 0
0.0115509 2.1773 0 3.04267 3.05078 -2.5 0 1.73431 -2.50666 0 1.73893 204 204 204 0
0.0115741 2.18166 0 3.05194 3.05789 -2.5 0 1.75052 -2.50488 0 1.75393 204 204 204 0
0.0115972 2.18602 0 3.06132 3.04644 -2.5 0 1.76683 -2.48785 0 1.75824 204 204 204 0
0.0116204 2.19039 0 3.07082 3.0752 -2.5 0 1.78323 -2.50357 0 1.78578 204 204 204 0
0.0116435 2.19475 0 3.08043 3.15111 -2.5 0 1.79974 -2.55736 0 1.84103 204 204 204 0
0.0116667 2.19911 0 3.09017 3.09602 -2.5 0 1.81636 -2.50474 0 1.8198 204 204 204 0
0.0116898 2.20348 0 3.10003 3.04888 -2.5 0 1.83308 -2.45876 0 1.80283 204 204 204 0
0.011713 2.20784 0 3.11001 3.16327 -2.5 0 1.8499 -2.54282 0 1.88159 204 204 204 0
0.0117361 2.2122 0 3.12011 3.161 -2.5 0 1.86684 -2.53277 0 1.89131 204 204 204 0
0.0117593 2.21657 0 3.13034 3.12092 -2.5 0 1.88389 -2.49247 0 1.87822 204 204 204 0
0.0117824 2.22093 0 3.1407 3.21172 -2.5 0 1.90104 -2.55653 0 1.94403 204 204 204 0
0.0118056 2.22529 0 3.15118 3.16318 -2.5 0 1.91832 -2.50952 0 1.92562 204 204 204 0
0.0118287 2.22966 0 3.1618 3.19728 -2.5 0 1.93571 -2.52806 0 1.95743 204 204 204 0
0.0118519 2.23402 0 3.17255 3.14832 -2.5 0 1.95321 -2.48091 0 1.9383 204 204 204 0
0.011875 2.23838 0 3.18343 3.25632 -2.5 0 1.97084 -2.55724 0 2.01597 204 204 204 0
0.0118981 2.24275 0 3.19445 3.23132 -2.5 0 1.98859 -2.52885 0 2.01154 204 204 204 0
0.0119213 2.24711 0 3.2056 3.20197 -2.5 0 2.00646 -2.49717 0 2.00419 204 204 204 0
0.0119444 2.25147 0 3.2169 3.19539 -2.5 0 2.02446 -2.48329 0 2.01093 204 204 204 0
0.0119676 2.25584 0 3.22834 3.28356 -2.5 0 2.04259 -2.54276 0 2.07752 204 204 204 0
0.0119907 2.2602 0 3.23992 3.24982 -2.5 0 2.06084 -2.50764 0 2.06714 204 204 204 0
0.0120139 2.26456 0 3.25164 3.22589 -2.5 0 2.07923 -2.4802 0 2.06276 204 204 204 0
0.012037 2.26893 0 3.26352 3.26566 -2.5 0 2.09775 -2.50164 0 2.09913 204 204 204 0
0.0120602 2.27329 0 3.27554 3.24864 -2.5 0 2.11641 -2.47947 0 2.09902 204 204 204 0
0.0120833 2.27765 0 3.28772 3.34665 -2.5 0 2.1352 -2.54481 0 2.17347 204 204 204 0
0.0121065 2.28202 0 3.30005 3.30196 -2.5 0 2.15414 -2.50145 0 2.15538 204 204 204 0
0.0121296 2.28638 0 3.31253 3.29747 -2.5 0 2.17322 -2.48863 0 2.16334 204 204 204 0
0.0121528 2.29074 0 3.32518 3.32536 -2.5 0 2.19244 -2.50014 0 2.19256 204 204 204 0
0.0121759 2.29511 0 3.33798 3.37973 -2.5 0 2.21181 -2.53127 0 2.23948 204 204 204 0
0.0121991 2.29947 0 3.35095 3.35015 -2.5 0 2.23133 -2.4994 0 2.2308 204 204 204 0
0.0122222 2.30383 0 3.36408 3.40883 -2.5 0 2.25101 -2.53326 0 2.28096 204 204 204 0
0.0122454 2.3082 0 3.37738 3.42676 -2.5 0 2.27084 -2.53655 0 2.30404 204 204 204 0
0.0122685 2.31256 0 3.39085 3.38875 -2.5 0 2.29083 -2.49845 0 2.28941 204 204 204 0
0.0122917 2.31692 0 3.4045 3.42733 -2.5 0 2.31098 -2.51677 0 2.32647 204 204 204 0
0.0123148 2.32129 0 3.41832 3.43141 -2.5 0 2.33129 -2.50958 0 2.34022 204 204 204 0
0.012338 2.32565 0 3.43232 3.43564 -2.5 0 2.35176 -2.50242 0 2.35404 204 204 204 0
0.0123611 2.33001 0 3.4465 3.43808 -2.5 0 2.37241 -2.49389 0 2.36662 204 204 204 0
0.0123843 2.33438 0 3.46086 3.51641 -2.5 0 2.39323 -2.54013 0 2.43164 204 204 204 0
0.0124074 2.33874 0 3.47541 3.49754 -2.5 0 2.41422 -2.51592 0 2.4296 204 204 204 0
0.0124306 2.3431 0 3.49015 3.49771 -2.5 0 2.43539 -2.50541 0 2.44067 204 204 204 0
0.0124537 2.34747 0 3.50508 3.50762 -2.5 0 2.45674 -2.50181 0 2.45853 204 204 204 0
0.0124769 2.35183 0 3.52021 3.52144 -2.5 0 2.47828 -2.50087 0 2.47914 204 204 204 0
