2.5 6.75998e-10 2.5 
2.5 6.75998e-10 2.47828 
2.5 6.75998e-10 2.45674 
2.5 6.75998e-10 2.43539 
2.5 6.75998e-10 2.41422 
2.5 6.75998e-10 2.39323 
2.5 6.75998e-10 2.37241 
2.5 6.75998e-10 2.35177 
2.5 6.75998e-10 2.33129 
2.5 6.75998e-10 2.31098 
2.5 6.75998e-10 2.29083 
2.5 6.75998e-10 2.27084 
2.5 6.75998e-10 2.25101 
2.5 6.75998e-10 2.23134 
2.5 6.75998e-10 2.21181 
2.5 6.75998e-10 2.19244 
2.5 6.75998e-10 2.17322 
2.5 6.75998e-10 2.15414 
2.5 6.75998e-10 2.1352 
2.5 6.75998e-10 2.11641 
2.5 6.75998e-10 2.09775 
2.5 6.75998e-10 2.07923 
2.5 6.75998e-10 2.06084 
2.5 6.75998e-10 2.04259 
2.5 6.75998e-10 2.02446 
2.5 6.75998e-10 2.00646 
2.5 6.75998e-10 1.98859 
2.5 6.75998e-10 1.97084 
2.5 6.75998e-10 1.95321 
2.5 6.75998e-10 1.93571 
2.5 6.75998e-10 1.91832 
2.5 6.75998e-10 1.90104 
2.5 6.75998e-10 1.88389 
2.5 6.75998e-10 1.86684 
2.5 6.75998e-10 1.8499 
2.5 6.75998e-10 1.83308 
2.5 6.75998e-10 1.81636 
2.5 6.75998e-10 1.79974 
2.5 6.75998e-10 1.78323 
2.5 6.75998e-10 1.76683 
2.5 6.75998e-10 1.75052 
2.5 6.75998e-10 1.73431 
2.5 6.75998e-10 1.7182 
2.5 6.75998e-10 1.70219 
2.5 6.75998e-10 1.68627 
2.5 6.75998e-10 1.67045 
2.5 6.75998e-10 1.65471 
2.5 6.75998e-10 1.63907 
2.5 6.75998e-10 1.62352 
2.5 6.75998e-10 1.60805 
2.5 6.75998e-10 1.59268 
2.5 6.75998e-10 1.57738 
2.5 6.75998e-10 1.56217 
2.5 6.75998e-10 1.54705 
2.5 6.75998e-10 1.532 
2.5 6.75998e-10 1.51704 
2.5 6.75998e-10 1.50215 
2.5 6.75998e-10 1.48734 
2.5 6.75998e-10 1.47261 
2.5 6.75998e-10 1.45796 
2.5 6.75998e-10 1.44338 
2.5 6.75998e-10 1.42887 
2.5 6.75998e-10 1.41443 
2.5 6.75998e-10 1.40007 
2.5 6.75998e-10 1.38577 
2.5 6.75998e-10 1.37155 
2.5 6.75998e-10 1.35739 
2.5 6.75998e-10 1.3433 
2.5 6.75998e-10 1.32927 
2.5 6.75998e-10 1.31531 
2.5 6.75998e-10 1.30142 
2.5 6.75998e-10 1.28758 
2.5 6.75998e-10 1.27381 
2.5 6.75998e-10 1.2601 
2.5 6.75998e-10 1.24645 
2.5 6.75998e-10 1.23286 
2.5 6.75998e-10 1.21933 
2.5 6.75998e-10 1.20586 
2.5 6.75998e-10 1.19244 
2.5 6.75998e-10 1.17908 
2.5 6.75998e-10 1.16577 
2.5 6.75998e-10 1.15252 
2.5 6.75998e-10 1.13932 
2.5 6.75998e-10 1.12617 
2.5 6.75998e-10 1.11307 
2.5 6.75998e-10 1.10003 
2.5 6.75998e-10 1.08703 
2.5 6.75998e-10 1.07409 
2.5 6.75998e-10 1.06119 
2.5 6.75998e-10 1.04834 
2.5 6.75998e-10 1.03553 
2.5 6.75998e-10 1.02278 
2.5 6.75998e-10 1.01007 
2.5 6.75998e-10 0.997399 
2.5 6.75998e-10 0.984776 
2.5 6.75998e-10 0.972197 
2.5 6.75998e-10 0.95966 
2.5 6.75998e-10 0.947165 
2.5 6.75998e-10 0.934712 
2.5 6.75998e-10 0.922299 
2.5 6.75998e-10 0.909926 
2.5 6.75998e-10 0.897592 
2.5 6.75998e-10 0.885296 
2.5 6.75998e-10 0.873039 
2.5 6.75998e-10 0.860819 
2.5 6.75998e-10 0.848636 
2.5 6.75998e-10 0.836488 
2.5 6.75998e-10 0.824376 
2.5 6.75998e-10 0.812299 
2.5 6.75998e-10 0.800256 
2.5 6.75998e-10 0.788247 
2.5 6.75998e-10 0.776271 
2.5 6.75998e-10 0.764327 
2.5 6.75998e-10 0.752415 
2.5 6.75998e-10 0.740534 
2.5 6.75998e-10 0.728684 
2.5 6.75998e-10 0.716863 
2.5 6.75998e-10 0.705073 
2.5 6.75998e-10 0.693311 
2.5 6.75998e-10 0.681578 
2.5 6.75998e-10 0.669873 
2.5 6.75998e-10 0.658195 
2.5 6.75998e-10 0.646544 
2.5 6.75998e-10 0.634919 
2.5 6.75998e-10 0.62332 
2.5 6.75998e-10 0.611746 
2.5 6.75998e-10 0.600197 
2.5 6.75998e-10 0.588672 
2.5 6.75998e-10 0.57717 
2.5 6.75998e-10 0.565692 
2.5 6.75998e-10 0.554237 
2.5 6.75998e-10 0.542803 
2.5 6.75998e-10 0.531391 
2.5 6.75998e-10 0.520001 
2.5 6.75998e-10 0.508631 
2.5 6.75998e-10 0.497281 
2.5 6.75998e-10 0.485951 
2.5 6.75998e-10 0.47464 
2.5 6.75998e-10 0.463348 
2.5 6.75998e-10 0.452074 
2.5 6.75998e-10 0.440818 
2.5 6.75998e-10 0.429578 
2.5 6.75998e-10 0.418356 
2.5 6.75998e-10 0.407151 
2.5 6.75998e-10 0.395961 
2.5 6.75998e-10 0.384787 
2.5 6.75998e-10 0.373627 
2.5 6.75998e-10 0.362483 
2.5 6.75998e-10 0.351352 
2.5 6.75998e-10 0.340235 
2.5 6.75998e-10 0.329131 
2.5 6.75998e-10 0.31804 
2.5 6.75998e-10 0.306961 
2.5 6.75998e-10 0.295895 
2.5 6.75998e-10 0.284839 
2.5 6.75998e-10 0.273794 
2.5 6.75998e-10 0.26276 
2.5 6.75998e-10 0.251737 
2.5 6.75998e-10 0.240723 
2.5 6.75998e-10 0.229718 
2.5 6.75998e-10 0.218721 
2.5 6.75998e-10 0.207734 
2.5 6.75998e-10 0.196754 
2.5 6.75998e-10 0.185782 
2.5 6.75998e-10 0.174817 
2.5 6.75998e-10 0.163859 
2.5 6.75998e-10 0.152906 
2.5 6.75998e-10 0.14196 
2.5 6.75998e-10 0.13102 
2.5 6.75998e-10 0.120084 
2.5 6.75998e-10 0.109152 
2.5 6.75998e-10 0.0982252 
2.5 6.75998e-10 0.0873019 
2.5 6.75998e-10 0.076382 
2.5 6.75998e-10 0.0654646 
2.5 6.75998e-10 0.0545501 
2.5 6.75998e-10 0.0436376 
2.5 6.75998e-10 0.0327268 
2.5 6.75998e-10 0.0218172 
2.5 6.75998e-10 0.0109082 
2.5 6.75998e-10 -1.09278e-07 
2.5 6.75998e-10 -0.0109084 
2.5 6.75998e-10 -0.0218172 
2.5 6.75998e-10 -0.0327267 
2.5 6.75998e-10 -0.0436378 
2.5 6.75998e-10 -0.0545503 
2.5 6.75998e-10 -0.0654648 
2.5 6.75998e-10 -0.0763819 
2.5 6.75998e-10 -0.0873018 
2.5 6.75998e-10 -0.0982254 
2.5 6.75998e-10 -0.109152 
2.5 6.75998e-10 -0.120084 
2.5 6.75998e-10 -0.131019 
2.5 6.75998e-10 -0.14196 
2.5 6.75998e-10 -0.152907 
2.5 6.75998e-10 -0.163859 
2.5 6.75998e-10 -0.174817 
2.5 6.75998e-10 -0.185782 
2.5 6.75998e-10 -0.196754 
2.5 6.75998e-10 -0.207734 
2.5 6.75998e-10 -0.218722 
2.5 6.75998e-10 -0.229718 
2.5 6.75998e-10 -0.240723 
2.5 6.75998e-10 -0.251737 
2.5 6.75998e-10 -0.262761 
2.5 6.75998e-10 -0.273795 
2.5 6.75998e-10 -0.284839 
2.5 6.75998e-10 -0.295894 
2.5 6.75998e-10 -0.306962 
2.5 6.75998e-10 -0.31804 
2.5 6.75998e-10 -0.329131 
2.5 6.75998e-10 -0.340235 
2.5 6.75998e-10 -0.351352 
2.5 6.75998e-10 -0.362483 
2.5 6.75998e-10 -0.373628 
2.5 6.75998e-10 -0.384787 
2.5 6.75998e-10 -0.395961 
2.5 6.75998e-10 -0.407151 
2.5 6.75998e-10 -0.418357 
2.5 6.75998e-10 -0.429579 
2.5 6.75998e-10 -0.440817 
2.5 6.75998e-10 -0.452074 
2.5 6.75998e-10 -0.463347 
2.5 6.75998e-10 -0.47464 
2.5 6.75998e-10 -0.485951 
2.5 6.75998e-10 -0.497281 
2.5 6.75998e-10 -0.508631 
2.5 6.75998e-10 -0.520001 
2.5 6.75998e-10 -0.531392 
2.5 6.75998e-10 -0.542803 
2.5 6.75998e-10 -0.554237 
2.5 6.75998e-10 -0.565692 
2.5 6.75998e-10 -0.577171 
2.5 6.75998e-10 -0.588672 
2.5 6.75998e-10 -0.600197 
2.5 6.75998e-10 -0.611746 
2.5 6.75998e-10 -0.62332 
2.5 6.75998e-10 -0.634919 
2.5 6.75998e-10 -0.646544 
2.5 6.75998e-10 -0.658195 
2.5 6.75998e-10 -0.669873 
2.5 6.75998e-10 -0.681578 
2.5 6.75998e-10 -0.693312 
2.5 6.75998e-10 -0.705073 
2.5 6.75998e-10 -0.716864 
2.5 6.75998e-10 -0.728683 
2.5 6.75998e-10 -0.740534 
2.5 6.75998e-10 -0.752415 
2.5 6.75998e-10 -0.764327 
2.5 6.75998e-10 -0.776271 
2.5 6.75998e-10 -0.788247 
2.5 6.75998e-10 -0.800256 
2.5 6.75998e-10 -0.812299 
2.5 6.75998e-10 -0.824377 
2.5 6.75998e-10 -0.836488 
2.5 6.75998e-10 -0.848636 
2.5 6.75998e-10 -0.860819 
2.5 6.75998e-10 -0.873039 
2.5 6.75998e-10 -0.885296 
2.5 6.75998e-10 -0.897592 
2.5 6.75998e-10 -0.909926 
2.5 6.75998e-10 -0.922299 
2.5 6.75998e-10 -0.934712 
2.5 6.75998e-10 -0.947165 
2.5 6.75998e-10 -0.95966 
2.5 6.75998e-10 -0.972197 
2.5 6.75998e-10 -0.984776 
2.5 6.75998e-10 -0.997399 
2.5 6.75998e-10 -1.01007 
2.5 6.75998e-10 -1.02278 
2.5 6.75998e-10 -1.03553 
2.5 6.75998e-10 -1.04834 
2.5 6.75998e-10 -1.06119 
2.5 6.75998e-10 -1.07408 
2.5 6.75998e-10 -1.08703 
2.5 6.75998e-10 -1.10003 
2.5 6.75998e-10 -1.11307 
2.5 6.75998e-10 -1.12617 
2.5 6.75998e-10 -1.13932 
2.5 6.75998e-10 -1.15252 
2.5 6.75998e-10 -1.16577 
2.5 6.75998e-10 -1.17908 
2.5 6.75998e-10 -1.19244 
2.5 6.75998e-10 -1.20586 
2.5 6.75998e-10 -1.21933 
2.5 6.75998e-10 -1.23286 
2.5 6.75998e-10 -1.24645 
2.5 6.75998e-10 -1.2601 
2.5 6.75998e-10 -1.27381 
2.5 6.75998e-10 -1.28758 
2.5 6.75998e-10 -1.30142 
2.5 6.75998e-10 -1.31531 
2.5 6.75998e-10 -1.32927 
2.5 6.75998e-10 -1.3433 
2.5 6.75998e-10 -1.35739 
2.5 6.75998e-10 -1.37155 
2.5 6.75998e-10 -1.38577 
2.5 6.75998e-10 -1.40007 
2.5 6.75998e-10 -1.41443 
2.5 6.75998e-10 -1.42887 
2.5 6.75998e-10 -1.44338 
2.5 6.75998e-10 -1.45796 
2.5 6.75998e-10 -1.47261 
2.5 6.75998e-10 -1.48734 
2.5 6.75998e-10 -1.50215 
2.5 6.75998e-10 -1.51704 
2.5 6.75998e-10 -1.532 
2.5 6.75998e-10 -1.54705 
2.5 6.75998e-10 -1.56217 
2.5 6.75998e-10 -1.57738 
2.5 6.75998e-10 -1.59268 
2.5 6.75998e-10 -1.60805 
2.5 6.75998e-10 -1.62352 
2.5 6.75998e-10 -1.63907 
2.5 6.75998e-10 -1.65471 
2.5 6.75998e-10 -1.67045 
2.5 6.75998e-10 -1.68627 
2.5 6.75998e-10 -1.70219 
2.5 6.75998e-10 -1.7182 
2.5 6.75998e-10 -1.73431 
2.5 6.75998e-10 -1.75052 
2.5 6.75998e-10 -1.76683 
2.5 6.75998e-10 -1.78323 
2.5 6.75998e-10 -1.79974 
2.5 6.75998e-10 -1.81636 
2.5 6.75998e-10 -1.83308 
2.5 6.75998e-10 -1.8499 
2.5 6.75998e-10 -1.86684 
2.5 6.75998e-10 -1.88389 
2.5 6.75998e-10 -1.90104 
2.5 6.75998e-10 -1.91832 
2.5 6.75998e-10 -1.93571 
2.5 6.75998e-10 -1.95321 
2.5 6.75998e-10 -1.97084 
2.5 6.75998e-10 -1.98859 
2.5 6.75998e-10 -2.00646 
2.5 6.75998e-10 -2.02446 
2.5 6.75998e-10 -2.04259 
2.5 6.75998e-10 -2.06084 
2.5 6.75998e-10 -2.07923 
2.5 6.75998e-10 -2.09775 
2.5 6.75998e-10 -2.11641 
2.5 6.75998e-10 -2.1352 
2.5 6.75998e-10 -2.15414 
2.5 6.75998e-10 -2.17322 
2.5 6.75998e-10 -2.19244 
2.5 6.75998e-10 -2.21181 
2.5 6.75998e-10 -2.23134 
2.5 6.75998e-10 -2.25101 
2.5 6.75998e-10 -2.27084 
2.5 6.75998e-10 -2.29083 
2.5 6.75998e-10 -2.31098 
2.5 6.75998e-10 -2.33129 
2.5 6.75998e-10 -2.35176 
2.5 6.75998e-10 -2.37241 
2.5 6.75998e-10 -2.39323 
2.5 6.75998e-10 -2.41422 
2.5 6.75998e-10 -2.43539 
2.5 6.75998e-10 -2.45674 
2.5 6.75998e-10 -2.47828 
2.5 6.75998e-10 -2.5 
2.47828 6.70124e-10 -2.5 
2.45674 6.64301e-10 -2.5 
2.43539 6.58528e-10 -2.5 
2.41422 6.52804e-10 -2.5 
2.39323 6.47127e-10 -2.5 
2.37241 6.41498e-10 -2.5 
2.35176 6.35915e-10 -2.5 
2.33129 6.30378e-10 -2.5 
2.31098 6.24886e-10 -2.5 
2.29083 6.19438e-10 -2.5 
2.27084 6.14033e-10 -2.5 
2.25101 6.08671e-10 -2.5 
2.23134 6.03351e-10 -2.5 
2.21181 5.98073e-10 -2.5 
2.19244 5.92834e-10 -2.5 
2.17322 5.87636e-10 -2.5 
2.15414 5.82477e-10 -2.5 
2.1352 5.77357e-10 -2.5 
2.11641 5.72275e-10 -2.5 
2.09775 5.6723e-10 -2.5 
2.07923 5.62222e-10 -2.5 
2.06084 5.5725e-10 -2.5 
2.04259 5.52314e-10 -2.5 
2.02446 5.47412e-10 -2.5 
2.00646 5.42546e-10 -2.5 
1.98859 5.37713e-10 -2.5 
1.97084 5.32914e-10 -2.5 
1.95321 5.28147e-10 -2.5 
1.93571 5.23414e-10 -2.5 
1.91832 5.18712e-10 -2.5 
1.90104 5.14041e-10 -2.5 
1.88389 5.09401e-10 -2.5 
1.86684 5.04792e-10 -2.5 
1.8499 5.00212e-10 -2.5 
1.83308 4.95662e-10 -2.5 
1.81636 4.91141e-10 -2.5 
1.79974 4.86649e-10 -2.5 
1.78323 4.82185e-10 -2.5 
1.76683 4.77748e-10 -2.5 
1.75052 4.73339e-10 -2.5 
1.73431 4.68957e-10 -2.5 
1.7182 4.64601e-10 -2.5 
1.70219 4.60271e-10 -2.5 
1.68627 4.55966e-10 -2.5 
1.67045 4.51687e-10 -2.5 
1.65471 4.47433e-10 -2.5 
1.63907 4.43204e-10 -2.5 
1.62352 4.38998e-10 -2.5 
1.60805 4.34817e-10 -2.5 
1.59268 4.30658e-10 -2.5 
1.57738 4.26523e-10 -2.5 
1.56217 4.2241e-10 -2.5 
1.54705 4.1832e-10 -2.5 
1.532 4.14252e-10 -2.5 
1.51704 4.10206e-10 -2.5 
1.50215 4.06181e-10 -2.5 
1.48734 4.02177e-10 -2.5 
1.47261 3.98193e-10 -2.5 
1.45796 3.9423e-10 -2.5 
1.44338 3.90288e-10 -2.5 
1.42887 3.86365e-10 -2.5 
1.41443 3.82461e-10 -2.5 
1.40007 3.78577e-10 -2.5 
1.38577 3.74712e-10 -2.5 
1.37155 3.70865e-10 -2.5 
1.35739 3.67037e-10 -2.5 
1.3433 3.63227e-10 -2.5 
1.32927 3.59435e-10 -2.5 
1.31531 3.5566e-10 -2.5 
1.30142 3.51902e-10 -2.5 
1.28758 3.48162e-10 -2.5 
1.27381 3.44438e-10 -2.5 
1.2601 3.40731e-10 -2.5 
1.24645 3.3704e-10 -2.5 
1.23286 3.33365e-10 -2.5 
1.21933 3.29706e-10 -2.5 
1.20586 3.26063e-10 -2.5 
1.19244 3.22435e-10 -2.5 
1.17908 3.18821e-10 -2.5 
1.16577 3.15223e-10 -2.5 
1.15252 3.11639e-10 -2.5 
1.13932 3.0807e-10 -2.5 
1.12617 3.04515e-10 -2.5 
1.11307 3.00974e-10 -2.5 
1.10003 2.97446e-10 -2.5 
1.08703 2.93932e-10 -2.5 
1.07408 2.90432e-10 -2.5 
1.06119 2.86944e-10 -2.5 
1.04834 2.8347e-10 -2.5 
1.03553 2.80008e-10 -2.5 
1.02278 2.76558e-10 -2.5 
1.01007 2.73121e-10 -2.5 
0.997399 2.69696e-10 -2.5 
0.984776 2.66283e-10 -2.5 
0.972197 2.62881e-10 -2.5 
0.95966 2.59491e-10 -2.5 
0.947165 2.56113e-10 -2.5 
0.934712 2.52745e-10 -2.5 
0.922299 2.49389e-10 -2.5 
0.909926 2.46043e-10 -2.5 
0.897591 2.42708e-10 -2.5 
0.885296 2.39383e-10 -2.5 
0.873039 2.36069e-10 -2.5 
0.860819 2.32765e-10 -2.5 
0.848635 2.2947e-10 -2.5 
0.836488 2.26186e-10 -2.5 
0.824376 2.22911e-10 -2.5 
0.812299 2.19645e-10 -2.5 
0.800256 2.16389e-10 -2.5 
0.788247 2.13141e-10 -2.5 
0.77627 2.09903e-10 -2.5 
0.764326 2.06673e-10 -2.5 
0.752414 2.03452e-10 -2.5 
0.740534 2.0024e-10 -2.5 
0.728683 1.97035e-10 -2.5 
0.716864 1.93839e-10 -2.5 
0.705073 1.90651e-10 -2.5 
0.693312 1.87471e-10 -2.5 
0.681578 1.84298e-10 -2.5 
0.669873 1.81133e-10 -2.5 
0.658195 1.77975e-10 -2.5 
0.646544 1.74825e-10 -2.5 
0.634919 1.71682e-10 -2.5 
0.62332 1.68545e-10 -2.5 
0.611746 1.65416e-10 -2.5 
0.600197 1.62293e-10 -2.5 
0.588672 1.59176e-10 -2.5 
0.577171 1.56066e-10 -2.5 
0.565693 1.52963e-10 -2.5 
0.554236 1.49865e-10 -2.5 
0.542803 1.46773e-10 -2.5 
0.531391 1.43688e-10 -2.5 
0.520001 1.40608e-10 -2.5 
0.508631 1.37533e-10 -2.5 
0.497281 1.34464e-10 -2.5 
0.485951 1.31401e-10 -2.5 
0.47464 1.28342e-10 -2.5 
0.463348 1.25289e-10 -2.5 
0.452074 1.2224e-10 -2.5 
0.440817 1.19197e-10 -2.5 
0.429578 1.16158e-10 -2.5 
0.418356 1.13123e-10 -2.5 
0.407151 1.10093e-10 -2.5 
0.395961 1.07068e-10 -2.5 
0.384787 1.04046e-10 -2.5 
0.373628 1.01029e-10 -2.5 
0.362483 9.80151e-11 -2.5 
0.351352 9.50054e-11 -2.5 
0.340235 9.19994e-11 -2.5 
0.329131 8.89967e-11 -2.5 
0.31804 8.59978e-11 -2.5 
0.306961 8.30021e-11 -2.5 
0.295894 8.00096e-11 -2.5 
0.284839 7.70202e-11 -2.5 
0.273795 7.40338e-11 -2.5 
0.262761 7.10503e-11 -2.5 
0.251737 6.80695e-11 -2.5 
0.240723 6.50913e-11 -2.5 
0.229717 6.21154e-11 -2.5 
0.218721 5.91421e-11 -2.5 
0.207734 5.6171e-11 -2.5 
0.196754 5.32022e-11 -2.5 
0.185782 5.02353e-11 -2.5 
0.174817 4.72704e-11 -2.5 
0.163859 4.43073e-11 -2.5 
0.152907 4.13458e-11 -2.5 
0.14196 3.8386e-11 -2.5 
0.13102 3.54276e-11 -2.5 
0.120083 3.24704e-11 -2.5 
0.109152 2.95146e-11 -2.5 
0.0982251 2.656e-11 -2.5 
0.0873018 2.36063e-11 -2.5 
0.0763819 2.06536e-11 -2.5 
0.0654648 1.77016e-11 -2.5 
0.0545503 1.47503e-11 -2.5 
0.0436378 1.17996e-11 -2.5 
0.032727 8.84935e-12 -2.5 
0.0218174 5.89941e-12 -2.5 
0.0109081 2.94954e-12 -2.5 
-2.18557e-07 -5.90976e-17 -2.5 
-0.0109085 -2.94966e-12 -2.5 
-0.0218173 -5.89937e-12 -2.5 
-0.0327268 -8.84931e-12 -2.5 
-0.0436376 -1.17996e-11 -2.5 
-0.0545501 -1.47503e-11 -2.5 
-0.0654646 -1.77016e-11 -2.5 
-0.0763817 -2.06536e-11 -2.5 
-0.0873022 -2.36065e-11 -2.5 
-0.0982255 -2.65601e-11 -2.5 
-0.109153 -2.95148e-11 -2.5 
-0.120084 -3.24706e-11 -2.5 
-0.13102 -3.54276e-11 -2.5 
-0.14196 -3.8386e-11 -2.5 
-0.152907 -4.13458e-11 -2.5 
-0.163859 -4.43072e-11 -2.5 
-0.174817 -4.72703e-11 -2.5 
-0.185782 -5.02353e-11 -2.5 
-0.196755 -5.32023e-11 -2.5 
-0.207734 -5.61712e-11 -2.5 
-0.218722 -5.91422e-11 -2.5 
-0.229718 -6.21155e-11 -2.5 
-0.240723 -6.50912e-11 -2.5 
-0.251737 -6.80694e-11 -2.5 
-0.26276 -7.10502e-11 -2.5 
-0.273794 -7.40338e-11 -2.5 
-0.284839 -7.70202e-11 -2.5 
-0.295895 -8.00097e-11 -2.5 
-0.306962 -8.30022e-11 -2.5 
-0.31804 -8.59979e-11 -2.5 
-0.329131 -8.89969e-11 -2.5 
-0.340235 -9.19993e-11 -2.5 
-0.351352 -9.50053e-11 -2.5 
-0.362483 -9.8015e-11 -2.5 
-0.373627 -1.01029e-10 -2.5 
-0.384787 -1.04046e-10 -2.5 
-0.395961 -1.07068e-10 -2.5 
-0.407151 -1.10093e-10 -2.5 
-0.418357 -1.13123e-10 -2.5 
-0.429579 -1.16158e-10 -2.5 
-0.440818 -1.19197e-10 -2.5 
-0.452074 -1.2224e-10 -2.5 
-0.463348 -1.25289e-10 -2.5 
-0.47464 -1.28342e-10 -2.5 
-0.485951 -1.31401e-10 -2.5 
-0.497281 -1.34464e-10 -2.5 
-0.508631 -1.37533e-10 -2.5 
-0.520001 -1.40608e-10 -2.5 
-0.531392 -1.43688e-10 -2.5 
-0.542803 -1.46774e-10 -2.5 
-0.554237 -1.49865e-10 -2.5 
-0.565692 -1.52963e-10 -2.5 
-0.57717 -1.56066e-10 -2.5 
-0.588672 -1.59176e-10 -2.5 
-0.600197 -1.62293e-10 -2.5 
-0.611746 -1.65416e-10 -2.5 
-0.62332 -1.68545e-10 -2.5 
-0.634919 -1.71682e-10 -2.5 
-0.646544 -1.74825e-10 -2.5 
-0.658195 -1.77975e-10 -2.5 
-0.669873 -1.81133e-10 -2.5 
-0.681578 -1.84298e-10 -2.5 
-0.693311 -1.87471e-10 -2.5 
-0.705073 -1.90651e-10 -2.5 
-0.716863 -1.93839e-10 -2.5 
-0.728683 -1.97035e-10 -2.5 
-0.740534 -2.0024e-10 -2.5 
-0.752415 -2.03452e-10 -2.5 
-0.764327 -2.06673e-10 -2.5 
-0.776271 -2.09903e-10 -2.5 
-0.788247 -2.13141e-10 -2.5 
-0.800256 -2.16389e-10 -2.5 
-0.812299 -2.19645e-10 -2.5 
-0.824376 -2.22911e-10 -2.5 
-0.836488 -2.26186e-10 -2.5 
-0.848635 -2.2947e-10 -2.5 
-0.860819 -2.32765e-10 -2.5 
-0.873039 -2.36069e-10 -2.5 
-0.885297 -2.39383e-10 -2.5 
-0.897592 -2.42708e-10 -2.5 
-0.909926 -2.46043e-10 -2.5 
-0.922299 -2.49389e-10 -2.5 
-0.934712 -2.52745e-10 -2.5 
-0.947165 -2.56113e-10 -2.5 
-0.95966 -2.59491e-10 -2.5 
-0.972197 -2.62881e-10 -2.5 
-0.984776 -2.66283e-10 -2.5 
-0.997399 -2.69696e-10 -2.5 
-1.01007 -2.73121e-10 -2.5 
-1.02278 -2.76558e-10 -2.5 
-1.03553 -2.80008e-10 -2.5 
-1.04834 -2.83469e-10 -2.5 
-1.06119 -2.86944e-10 -2.5 
-1.07408 -2.90432e-10 -2.5 
-1.08703 -2.93932e-10 -2.5 
-1.10003 -2.97446e-10 -2.5 
-1.11307 -3.00974e-10 -2.5 
-1.12617 -3.04515e-10 -2.5 
-1.13932 -3.0807e-10 -2.5 
-1.15252 -3.11639e-10 -2.5 
-1.16577 -3.15223e-10 -2.5 
-1.17908 -3.18821e-10 -2.5 
-1.19244 -3.22434e-10 -2.5 
-1.20586 -3.26063e-10 -2.5 
-1.21933 -3.29706e-10 -2.5 
-1.23286 -3.33365e-10 -2.5 
-1.24645 -3.3704e-10 -2.5 
-1.2601 -3.40731e-10 -2.5 
-1.27381 -3.44438e-10 -2.5 
-1.28758 -3.48162e-10 -2.5 
-1.30142 -3.51902e-10 -2.5 
-1.31531 -3.5566e-10 -2.5 
-1.32927 -3.59434e-10 -2.5 
-1.3433 -3.63227e-10 -2.5 
-1.35739 -3.67037e-10 -2.5 
-1.37155 -3.70865e-10 -2.5 
-1.38577 -3.74712e-10 -2.5 
-1.40007 -3.78577e-10 -2.5 
-1.41443 -3.82461e-10 -2.5 
-1.42887 -3.86365e-10 -2.5 
-1.44338 -3.90288e-10 -2.5 
-1.45796 -3.9423e-10 -2.5 
-1.47261 -3.98193e-10 -2.5 
-1.48734 -4.02176e-10 -2.5 
-1.50215 -4.06181e-10 -2.5 
-1.51704 -4.10206e-10 -2.5 
-1.532 -4.14252e-10 -2.5 
-1.54705 -4.1832e-10 -2.5 
-1.56217 -4.2241e-10 -2.5 
-1.57738 -4.26523e-10 -2.5 
-1.59268 -4.30658e-10 -2.5 
-1.60805 -4.34816e-10 -2.5 
-1.62352 -4.38998e-10 -2.5 
-1.63907 -4.43204e-10 -2.5 
-1.65471 -4.47433e-10 -2.5 
-1.67045 -4.51687e-10 -2.5 
-1.68627 -4.55966e-10 -2.5 
-1.70219 -4.60271e-10 -2.5 
-1.7182 -4.64601e-10 -2.5 
-1.73431 -4.68956e-10 -2.5 
-1.75052 -4.73339e-10 -2.5 
-1.76683 -4.77748e-10 -2.5 
-1.78323 -4.82185e-10 -2.5 
-1.79974 -4.86649e-10 -2.5 
-1.81636 -4.91141e-10 -2.5 
-1.83308 -4.95662e-10 -2.5 
-1.8499 -5.00212e-10 -2.5 
-1.86684 -5.04792e-10 -2.5 
-1.88389 -5.09401e-10 -2.5 
-1.90104 -5.14041e-10 -2.5 
-1.91832 -5.18711e-10 -2.5 
-1.93571 -5.23414e-10 -2.5 
-1.95321 -5.28147e-10 -2.5 
-1.97084 -5.32914e-10 -2.5 
-1.98859 -5.37713e-10 -2.5 
-2.00646 -5.42546e-10 -2.5 
-2.02446 -5.47412e-10 -2.5 
-2.04259 -5.52314e-10 -2.5 
-2.06084 -5.5725e-10 -2.5 
-2.07923 -5.62222e-10 -2.5 
-2.09775 -5.6723e-10 -2.5 
-2.11641 -5.72274e-10 -2.5 
-2.1352 -5.77357e-10 -2.5 
-2.15414 -5.82477e-10 -2.5 
-2.17322 -5.87636e-10 -2.5 
-2.19244 -5.92834e-10 -2.5 
-2.21181 -5.98073e-10 -2.5 
-2.23134 -6.03351e-10 -2.5 
-2.25101 -6.08671e-10 -2.5 
-2.27084 -6.14033e-10 -2.5 
-2.29083 -6.19438e-10 -2.5 
-2.31098 -6.24886e-10 -2.5 
-2.33129 -6.30378e-10 -2.5 
-2.35177 -6.35915e-10 -2.5 
-2.37241 -6.41498e-10 -2.5 
-2.39323 -6.47127e-10 -2.5 
-2.41422 -6.52804e-10 -2.5 
-2.43539 -6.58528e-10 -2.5 
-2.45674 -6.64301e-10 -2.5 
-2.47828 -6.70124e-10 -2.5 
-2.5 -6.75998e-10 -2.5 
-2.5 -6.75998e-10 -2.47828 
-2.5 -6.75998e-10 -2.45674 
-2.5 -6.75998e-10 -2.43539 
-2.5 -6.75998e-10 -2.41422 
-2.5 -6.75998e-10 -2.39323 
-2.5 -6.75998e-10 -2.37241 
-2.5 -6.75998e-10 -2.35177 
-2.5 -6.75998e-10 -2.33129 
-2.5 -6.75998e-10 -2.31098 
-2.5 -6.75998e-10 -2.29083 
-2.5 -6.75998e-10 -2.27084 
-2.5 -6.75998e-10 -2.25101 
-2.5 -6.75998e-10 -2.23133 
-2.5 -6.75998e-10 -2.21181 
-2.5 -6.75998e-10 -2.19244 
-2.5 -6.75998e-10 -2.17322 
-2.5 -6.75998e-10 -2.15414 
-2.5 -6.75998e-10 -2.1352 
-2.5 -6.75998e-10 -2.11641 
-2.5 -6.75998e-10 -2.09775 
-2.5 -6.75998e-10 -2.07923 
-2.5 -6.75998e-10 -2.06084 
-2.5 -6.75998e-10 -2.04259 
-2.5 -6.75998e-10 -2.02446 
-2.5 -6.75998e-10 -2.00646 
-2.5 -6.75998e-10 -1.98859 
-2.5 -6.75998e-10 -1.97084 
-2.5 -6.75998e-10 -1.95321 
-2.5 -6.75998e-10 -1.93571 
-2.5 -6.75998e-10 -1.91832 
-2.5 -6.75998e-10 -1.90104 
-2.5 -6.75998e-10 -1.88389 
-2.5 -6.75998e-10 -1.86684 
-2.5 -6.75998e-10 -1.8499 
-2.5 -6.75998e-10 -1.83308 
-2.5 -6.75998e-10 -1.81636 
-2.5 -6.75998e-10 -1.79974 
-2.5 -6.75998e-10 -1.78323 
-2.5 -6.75998e-10 -1.76683 
-2.5 -6.75998e-10 -1.75052 
-2.5 -6.75998e-10 -1.73431 
-2.5 -6.75998e-10 -1.7182 
-2.5 -6.75998e-10 -1.70219 
-2.5 -6.75998e-10 -1.68627 
-2.5 -6.75998e-10 -1.67045 
-2.5 -6.75998e-10 -1.65471 
-2.5 -6.75998e-10 -1.63907 
-2.5 -6.75998e-10 -1.62352 
-2.5 -6.75998e-10 -1.60805 
-2.5 -6.75998e-10 -1.59268 
-2.5 -6.75998e-10 -1.57738 
-2.5 -6.75998e-10 -1.56217 
-2.5 -6.75998e-10 -1.54705 
-2.5 -6.75998e-10 -1.532 
-2.5 -6.75998e-10 -1.51704 
-2.5 -6.75998e-10 -1.50215 
-2.5 -6.75998e-10 -1.48734 
-2.5 -6.75998e-10 -1.47261 
-2.5 -6.75998e-10 -1.45796 
-2.5 -6.75998e-10 -1.44338 
-2.5 -6.75998e-10 -1.42887 
-2.5 -6.75998e-10 -1.41443 
-2.5 -6.75998e-10 -1.40007 
-2.5 -6.75998e-10 -1.38577 
-2.5 -6.75998e-10 -1.37155 
-2.5 -6.75998e-10 -1.35739 
-2.5 -6.75998e-10 -1.3433 
-2.5 -6.75998e-10 -1.32927 
-2.5 -6.75998e-10 -1.31531 
-2.5 -6.75998e-10 -1.30142 
-2.5 -6.75998e-10 -1.28758 
-2.5 -6.75998e-10 -1.27381 
-2.5 -6.75998e-10 -1.2601 
-2.5 -6.75998e-10 -1.24645 
-2.5 -6.75998e-10 -1.23286 
-2.5 -6.75998e-10 -1.21933 
-2.5 -6.75998e-10 -1.20586 
-2.5 -6.75998e-10 -1.19244 
-2.5 -6.75998e-10 -1.17908 
-2.5 -6.75998e-10 -1.16577 
-2.5 -6.75998e-10 -1.15252 
-2.5 -6.75998e-10 -1.13932 
-2.5 -6.75998e-10 -1.12617 
-2.5 -6.75998e-10 -1.11307 
-2.5 -6.75998e-10 -1.10003 
-2.5 -6.75998e-10 -1.08703 
-2.5 -6.75998e-10 -1.07408 
-2.5 -6.75998e-10 -1.06119 
-2.5 -6.75998e-10 -1.04834 
-2.5 -6.75998e-10 -1.03553 
-2.5 -6.75998e-10 -1.02278 
-2.5 -6.75998e-10 -1.01007 
-2.5 -6.75998e-10 -0.997399 
-2.5 -6.75998e-10 -0.984776 
-2.5 -6.75998e-10 -0.972197 
-2.5 -6.75998e-10 -0.95966 
-2.5 -6.75998e-10 -0.947165 
-2.5 -6.75998e-10 -0.934711 
-2.5 -6.75998e-10 -0.922299 
-2.5 -6.75998e-10 -0.909925 
-2.5 -6.75998e-10 -0.897592 
-2.5 -6.75998e-10 -0.885296 
-2.5 -6.75998e-10 -0.873038 
-2.5 -6.75998e-10 -0.860819 
-2.5 -6.75998e-10 -0.848635 
-2.5 -6.75998e-10 -0.836489 
-2.5 -6.75998e-10 -0.824376 
-2.5 -6.75998e-10 -0.8123 
-2.5 -6.75998e-10 -0.800256 
-2.5 -6.75998e-10 -0.788247 
-2.5 -6.75998e-10 -0.776271 
-2.5 -6.75998e-10 -0.764327 
-2.5 -6.75998e-10 -0.752415 
-2.5 -6.75998e-10 -0.740533 
-2.5 -6.75998e-10 -0.728684 
-2.5 -6.75998e-10 -0.716863 
-2.5 -6.75998e-10 -0.705073 
-2.5 -6.75998e-10 -0.693311 
-2.5 -6.75998e-10 -0.681579 
-2.5 -6.75998e-10 -0.669873 
-2.5 -6.75998e-10 -0.658196 
-2.5 -6.75998e-10 -0.646544 
-2.5 -6.75998e-10 -0.634919 
-2.5 -6.75998e-10 -0.62332 
-2.5 -6.75998e-10 -0.611746 
-2.5 -6.75998e-10 -0.600197 
-2.5 -6.75998e-10 -0.588672 
-2.5 -6.75998e-10 -0.577171 
-2.5 -6.75998e-10 -0.565692 
-2.5 -6.75998e-10 -0.554237 
-2.5 -6.75998e-10 -0.542803 
-2.5 -6.75998e-10 -0.531391 
-2.5 -6.75998e-10 -0.520001 
-2.5 -6.75998e-10 -0.50863 
-2.5 -6.75998e-10 -0.497281 
-2.5 -6.75998e-10 -0.48595 
-2.5 -6.75998e-10 -0.47464 
-2.5 -6.75998e-10 -0.463347 
-2.5 -6.75998e-10 -0.452074 
-2.5 -6.75998e-10 -0.440817 
-2.5 -6.75998e-10 -0.429579 
-2.5 -6.75998e-10 -0.418357 
-2.5 -6.75998e-10 -0.40715 
-2.5 -6.75998e-10 -0.395961 
-2.5 -6.75998e-10 -0.384786 
-2.5 -6.75998e-10 -0.373628 
-2.5 -6.75998e-10 -0.362482 
-2.5 -6.75998e-10 -0.351352 
-2.5 -6.75998e-10 -0.340235 
-2.5 -6.75998e-10 -0.329132 
-2.5 -6.75998e-10 -0.31804 
-2.5 -6.75998e-10 -0.306961 
-2.5 -6.75998e-10 -0.295895 
-2.5 -6.75998e-10 -0.284839 
-2.5 -6.75998e-10 -0.273795 
-2.5 -6.75998e-10 -0.26276 
-2.5 -6.75998e-10 -0.251737 
-2.5 -6.75998e-10 -0.240722 
-2.5 -6.75998e-10 -0.229718 
-2.5 -6.75998e-10 -0.218722 
-2.5 -6.75998e-10 -0.207733 
-2.5 -6.75998e-10 -0.196754 
-2.5 -6.75998e-10 -0.185782 
-2.5 -6.75998e-10 -0.174817 
-2.5 -6.75998e-10 -0.163858 
-2.5 -6.75998e-10 -0.152907 
-2.5 -6.75998e-10 -0.14196 
-2.5 -6.75998e-10 -0.13102 
-2.5 -6.75998e-10 -0.120084 
-2.5 -6.75998e-10 -0.109153 
-2.5 -6.75998e-10 -0.0982253 
-2.5 -6.75998e-10 -0.0873014 
-2.5 -6.75998e-10 -0.076382 
-2.5 -6.75998e-10 -0.0654644 
-2.5 -6.75998e-10 -0.0545504 
-2.5 -6.75998e-10 -0.0436374 
-2.5 -6.75998e-10 -0.0327272 
-2.5 -6.75998e-10 -0.021817 
-2.5 -6.75998e-10 -0.0109089 
-2.5 -6.75998e-10 2.98122e-08 
-2.5 -6.75998e-10 0.0109089 
-2.5 -6.75998e-10 0.0218171 
-2.5 -6.75998e-10 0.0327272 
-2.5 -6.75998e-10 0.0436375 
-2.5 -6.75998e-10 0.0545505 
-2.5 -6.75998e-10 0.0654645 
-2.5 -6.75998e-10 0.0763821 
-2.5 -6.75998e-10 0.0873014 
-2.5 -6.75998e-10 0.0982253 
-2.5 -6.75998e-10 0.109153 
-2.5 -6.75998e-10 0.120084 
-2.5 -6.75998e-10 0.13102 
-2.5 -6.75998e-10 0.14196 
-2.5 -6.75998e-10 0.152907 
-2.5 -6.75998e-10 0.163858 
-2.5 -6.75998e-10 0.174817 
-2.5 -6.75998e-10 0.185782 
-2.5 -6.75998e-10 0.196754 
-2.5 -6.75998e-10 0.207733 
-2.5 -6.75998e-10 0.218722 
-2.5 -6.75998e-10 0.229718 
-2.5 -6.75998e-10 0.240722 
-2.5 -6.75998e-10 0.251737 
-2.5 -6.75998e-10 0.26276 
-2.5 -6.75998e-10 0.273795 
-2.5 -6.75998e-10 0.284839 
-2.5 -6.75998e-10 0.295895 
-2.5 -6.75998e-10 0.306961 
-2.5 -6.75998e-10 0.31804 
-2.5 -6.75998e-10 0.329132 
-2.5 -6.75998e-10 0.340235 
-2.5 -6.75998e-10 0.351353 
-2.5 -6.75998e-10 0.362483 
-2.5 -6.75998e-10 0.373628 
-2.5 -6.75998e-10 0.384786 
-2.5 -6.75998e-10 0.395961 
-2.5 -6.75998e-10 0.40715 
-2.5 -6.75998e-10 0.418357 
-2.5 -6.75998e-10 0.429579 
-2.5 -6.75998e-10 0.440817 
-2.5 -6.75998e-10 0.452074 
-2.5 -6.75998e-10 0.463347 
-2.5 -6.75998e-10 0.47464 
-2.5 -6.75998e-10 0.48595 
-2.5 -6.75998e-10 0.497281 
-2.5 -6.75998e-10 0.50863 
-2.5 -6.75998e-10 0.520001 
-2.5 -6.75998e-10 0.531391 
-2.5 -6.75998e-10 0.542803 
-2.5 -6.75998e-10 0.554237 
-2.5 -6.75998e-10 0.565692 
-2.5 -6.75998e-10 0.577171 
-2.5 -6.75998e-10 0.588672 
-2.5 -6.75998e-10 0.600197 
-2.5 -6.75998e-10 0.611746 
-2.5 -6.75998e-10 0.62332 
-2.5 -6.75998e-10 0.634919 
-2.5 -6.75998e-10 0.646544 
-2.5 -6.75998e-10 0.658196 
-2.5 -6.75998e-10 0.669873 
-2.5 -6.75998e-10 0.681579 
-2.5 -6.75998e-10 0.693311 
-2.5 -6.75998e-10 0.705073 
-2.5 -6.75998e-10 0.716863 
-2.5 -6.75998e-10 0.728684 
-2.5 -6.75998e-10 0.740533 
-2.5 -6.75998e-10 0.752415 
-2.5 -6.75998e-10 0.764327 
-2.5 -6.75998e-10 0.776271 
-2.5 -6.75998e-10 0.788247 
-2.5 -6.75998e-10 0.800256 
-2.5 -6.75998e-10 0.8123 
-2.5 -6.75998e-10 0.824376 
-2.5 -6.75998e-10 0.836488 
-2.5 -6.75998e-10 0.848635 
-2.5 -6.75998e-10 0.860819 
-2.5 -6.75998e-10 0.87304 
-2.5 -6.75998e-10 0.885296 
-2.5 -6.75998e-10 0.897592 
-2.5 -6.75998e-10 0.909925 
-2.5 -6.75998e-10 0.922299 
-2.5 -6.75998e-10 0.934711 
-2.5 -6.75998e-10 0.947166 
-2.5 -6.75998e-10 0.95966 
-2.5 -6.75998e-10 0.972197 
-2.5 -6.75998e-10 0.984776 
-2.5 -6.75998e-10 0.997399 
-2.5 -6.75998e-10 1.01007 
-2.5 -6.75998e-10 1.02278 
-2.5 -6.75998e-10 1.03553 
-2.5 -6.75998e-10 1.04834 
-2.5 -6.75998e-10 1.06119 
-2.5 -6.75998e-10 1.07408 
-2.5 -6.75998e-10 1.08703 
-2.5 -6.75998e-10 1.10003 
-2.5 -6.75998e-10 1.11307 
-2.5 -6.75998e-10 1.12617 
-2.5 -6.75998e-10 1.13932 
-2.5 -6.75998e-10 1.15252 
-2.5 -6.75998e-10 1.16577 
-2.5 -6.75998e-10 1.17908 
-2.5 -6.75998e-10 1.19244 
-2.5 -6.75998e-10 1.20586 
-2.5 -6.75998e-10 1.21933 
-2.5 -6.75998e-10 1.23286 
-2.5 -6.75998e-10 1.24645 
-2.5 -6.75998e-10 1.2601 
-2.5 -6.75998e-10 1.27381 
-2.5 -6.75998e-10 1.28758 
-2.5 -6.75998e-10 1.30142 
-2.5 -6.75998e-10 1.31531 
-2.5 -6.75998e-10 1.32927 
-2.5 -6.75998e-10 1.3433 
-2.5 -6.75998e-10 1.35739 
-2.5 -6.75998e-10 1.37155 
-2.5 -6.75998e-10 1.38577 
-2.5 -6.75998e-10 1.40007 
-2.5 -6.75998e-10 1.41443 
-2.5 -6.75998e-10 1.42887 
-2.5 -6.75998e-10 1.44338 
-2.5 -6.75998e-10 1.45796 
-2.5 -6.75998e-10 1.47261 
-2.5 -6.75998e-10 1.48734 
-2.5 -6.75998e-10 1.50215 
-2.5 -6.75998e-10 1.51704 
-2.5 -6.75998e-10 1.532 
-2.5 -6.75998e-10 1.54705 
-2.5 -6.75998e-10 1.56217 
-2.5 -6.75998e-10 1.57738 
-2.5 -6.75998e-10 1.59268 
-2.5 -6.75998e-10 1.60805 
-2.5 -6.75998e-10 1.62352 
-2.5 -6.75998e-10 1.63907 
-2.5 -6.75998e-10 1.65471 
-2.5 -6.75998e-10 1.67045 
-2.5 -6.75998e-10 1.68627 
-2.5 -6.75998e-10 1.70219 
-2.5 -6.75998e-10 1.7182 
-2.5 -6.75998e-10 1.73431 
-2.5 -6.75998e-10 1.75052 
-2.5 -6.75998e-10 1.76683 
-2.5 -6.75998e-10 1.78323 
-2.5 -6.75998e-10 1.79974 
-2.5 -6.75998e-10 1.81636 
-2.5 -6.75998e-10 1.83308 
-2.5 -6.75998e-10 1.8499 
-2.5 -6.75998e-10 1.86684 
-2.5 -6.75998e-10 1.88389 
-2.5 -6.75998e-10 1.90104 
-2.5 -6.75998e-10 1.91832 
-2.5 -6.75998e-10 1.93571 
-2.5 -6.75998e-10 1.95321 
-2.5 -6.75998e-10 1.97084 
-2.5 -6.75998e-10 1.98859 
-2.5 -6.75998e-10 2.00646 
-2.5 -6.75998e-10 2.02446 
-2.5 -6.75998e-10 2.04259 
-2.5 -6.75998e-10 2.06084 
-2.5 -6.75998e-10 2.07923 
-2.5 -6.75998e-10 2.09775 
-2.5 -6.75998e-10 2.11641 
-2.5 -6.75998e-10 2.1352 
-2.5 -6.75998e-10 2.15414 
-2.5 -6.75998e-10 2.17322 
-2.5 -6.75998e-10 2.19244 
-2.5 -6.75998e-10 2.21181 
-2.5 -6.75998e-10 2.23133 
-2.5 -6.75998e-10 2.25101 
-2.5 -6.75998e-10 2.27084 
-2.5 -6.75998e-10 2.29083 
-2.5 -6.75998e-10 2.31098 
-2.5 -6.75998e-10 2.33129 
-2.5 -6.75998e-10 2.35176 
-2.5 -6.75998e-10 2.37241 
-2.5 -6.75998e-10 2.39323 
-2.5 -6.75998e-10 2.41422 
-2.5 -6.75998e-10 2.43539 
-2.5 -6.75998e-10 2.45674 
-2.5 -6.75998e-10 2.47828 
