-0.0125 3.92699 0 3.53553 3.56882 2.5 0 2.5 2.52354 0 2.52354 204 204 204 0
-0.0124769 3.93135 0 3.52021 3.49826 2.5 0 2.47828 2.48442 0 2.46283 204 204 204 0
-0.0124537 3.93572 0 3.50508 3.51283 2.5 0 2.45674 2.50553 0 2.46217 204 204 204 0
-0.0124306 3.94008 0 3.49015 3.54072 2.5 0 2.43539 2.53622 0 2.47068 204 204 204 0
-0.0124074 3.94444 0 3.47541 3.43763 2.5 0 2.41422 2.47283 0 2.38798 204 204 204 0
-0.0123843 3.94881 0 3.46086 3.48901 2.5 0 2.39323 2.52034 0 2.4127 204 204 204 0
-0.0123611 3.95317 0 3.4465 3.47757 2.5 0 2.37241 2.52254 0 2.3938 204 204 204 0
-0.012338 3.95753 0 3.43232 3.43693 2.5 0 2.35177 2.50336 0 2.35492 204 204 204 0
-0.0123148 3.9619 0 3.41832 3.42444 2.5 0 2.33129 2.50447 0 2.33546 204 204 204 0
-0.0122917 3.96626 0 3.4045 3.37123 2.5 0 2.31098 2.47557 0 2.2884 204 204 204 0
-0.0122685 3.97062 0 3.39085 3.36964 2.5 0 2.29083 2.48436 0 2.2765 204 204 204 0
-0.0122454 3.97499 0 3.37738 3.39964 2.5 0 2.27084 2.51648 0 2.28581 204 204 204 0
-0.0122222 3.97935 0 3.36408 3.36032 2.5 0 2.25101 2.4972 0 2.24849 204 204 204 0
-0.0121991 3.98371 0 3.35095 3.31233 2.5 0 2.23134 2.47119 0 2.20562 204 204 204 0
-0.0121759 3.98808 0 3.33798 3.33381 2.5 0 2.21181 2.49687 0 2.20905 204 204 204 0
-0.0121528 3.99244 0 3.32518 3.33304 2.5 0 2.19244 2.50591 0 2.19763 204 204 204 0
-0.0121296 3.9968 0 3.31253 3.30715 2.5 0 2.17322 2.49594 0 2.16968 204 204 204 0
-0.0121065 4.00117 0 3.30005 3.34578 2.5 0 2.15414 2.53465 0 2.18399 204 204 204 0
-0.0120833 4.00553 0 3.28772 3.26501 2.5 0 2.1352 2.48274 0 2.12046 204 204 204 0
-0.0120602 4.00989 0 3.27554 3.3205 2.5 0 2.11641 2.53431 0 2.14546 204 204 204 0
-0.012037 4.01426 0 3.26352 3.27072 2.5 0 2.09775 2.50552 0 2.10238 204 204 204 0
-0.0120139 4.01862 0 3.25164 3.30203 2.5 0 2.07923 2.53874 0 2.11145 204 204 204 0
-0.0119907 4.02298 0 3.23992 3.25094 2.5 0 2.06084 2.5085 0 2.06785 204 204 204 0
-0.0119676 4.02735 0 3.22834 3.25279 2.5 0 2.04259 2.51894 0 2.05806 204 204 204 0
-0.0119444 4.03171 0 3.2169 3.25114 2.5 0 2.02446 2.52661 0 2.04601 204 204 204 0
-0.0119213 4.03607 0 3.2056 3.21554 2.5 0 2.00646 2.50775 0 2.01268 204 204 204 0
-0.0118981 4.04044 0 3.19445 3.205 2.5 0 1.98859 2.50826 0 1.99516 204 204 204 0
-0.011875 4.0448 0 3.18343 3.24157 2.5 0 1.97084 2.54566 0 2.00684 204 204 204 0
-0.0118519 4.04916 0 3.17255 3.13411 2.5 0 1.95321 2.46971 0 1.92955 204 204 204 0
-0.0118287 4.05353 0 3.1618 3.24024 2.5 0 1.93571 2.56202 0 1.98373 204 204 204 0
-0.0118056 4.05789 0 3.15118 3.14851 2.5 0 1.91832 2.49788 0 1.91669 204 204 204 0
-0.0117824 4.06225 0 3.1407 3.20479 2.5 0 1.90104 2.55102 0 1.93984 204 204 204 0
-0.0117593 4.06662 0 3.13034 3.16489 2.5 0 1.88389 2.52759 0 1.90468 204 204 204 0
-0.0117361 4.07098 0 3.12011 3.14787 2.5 0 1.86684 2.52224 0 1.88345 204 204 204 0
-0.011713 4.07534 0 3.11001 3.10298 2.5 0 1.8499 2.49435 0 1.84572 204 204 204 0
-0.0116898 4.07971 0 3.10003 3.10917 2.5 0 1.83308 2.50737 0 1.83848 204 204 204 0
-0.0116667 4.08407 0 3.09017 3.1076 2.5 0 1.81636 2.5141 0 1.8266 204 204 204 0
-0.0116435 4.08843 0 3.08043 3.12088 2.5 0 1.79974 2.53282 0 1.82337 204 204 204 0
-0.0116204 4.0928 0 3.07082 3.11273 2.5 0 1.78323 2.53412 0 1.80757 204 204 204 0
-0.0115972 4.09716 0 3.06132 3.05534 2.5 0 1.76683 2.49511 0 1.76337 204 204 204 0
-0.0115741 4.10152 0 3.05194 3.10513 2.5 0 1.75052 2.54357 0 1.78103 204 204 204 0
-0.0115509 4.10589 0 3.04267 3.0279 2.5 0 1.73431 2.48786 0 1.72589 204 204 204 0
-0.0115278 4.11025 0 3.03352 3.0591 2.5 0 1.7182 2.52108 0 1.73269 204 204 204 0
-0.0115046 4.11461 0 3.02447 3.07035 2.5 0 1.70219 2.53792 0 1.72801 204 204 204 0
-0.0114815 4.11898 0 3.01555 3.01054 2.5 0 1.68627 2.49585 0 1.68348 204 204 204 0
-0.0114583 4.12334 0 3.00672 2.9953 2.5 0 1.67045 2.4905 0 1.6641 204 204 204 0
-0.0114352 4.1277 0 2.99801 3.02052 2.5 0 1.65471 2.51877 0 1.66714 204 204 204 0
-0.011412 4.13207 0 2.98941 3.04874 2.5 0 1.63907 2.54962 0 1.6716 204 204 204 0
-0.0113889 4.13643 0 2.98091 3.02809 2.5 0 1.62352 2.53957 0 1.64922 204 204 204 0
-0.0113657 4.14079 0 2.97251 2.94687 2.5 0 1.60805 2.47844 0 1.59418 204 204 204 0
-0.0113426 4.14516 0 2.96422 2.97843 2.5 0 1.59268 2.51198 0 1.60031 204 204 204 0
-0.0113194 4.14952 0 2.95603 2.9609 2.5 0 1.57738 2.50412 0 1.57998 204 204 204 0
-0.0112963 4.15388 0 2.94795 2.96121 2.5 0 1.56217 2.51125 0 1.5692 204 204 204 0
-0.0112731 4.15825 0 2.93996 2.90337 2.5 0 1.54705 2.46889 0 1.5278 204 204 204 0
-0.01125 4.16261 0 2.93207 2.90309 2.5 0 1.532 2.47529 0 1.51686 204 204 204 0
-0.0112269 4.16697 0 2.92428 2.92158 2.5 0 1.51704 2.49769 0 1.51564 204 204 204 0
-0.0112037 4.17134 0 2.91658 2.9206 2.5 0 1.50215 2.50344 0 1.50422 204 204 204 0
-0.0111806 4.1757 0 2.90898 2.93628 2.5 0 1.48734 2.52346 0 1.5013 204 204 204 0
-0.0111574 4.18006 0 2.90148 2.96996 2.5 0 1.47261 2.55901 0 1.50737 204 204 204 0
-0.0111343 4.18443 0 2.89407 2.95465 2.5 0 1.45796 2.55233 0 1.48848 204 204 204 0
-0.0111111 4.18879 0 2.88675 2.88554 2.5 0 1.44338 2.49895 0 1.44277 204 204 204 0
-0.011088 4.19315 0 2.87952 2.94198 2.5 0 1.42887 2.55422 0 1.45986 204 204 204 0
-0.0110648 4.19752 0 2.87239 2.84981 2.5 0 1.41443 2.48035 0 1.40331 204 204 204 0
-0.0110417 4.20188 0 2.86534 2.87802 2.5 0 1.40007 2.51106 0 1.40626 204 204 204 0
-0.0110185 4.20624 0 2.85839 2.9045 2.5 0 1.38577 2.54033 0 1.40813 204 204 204 0
-0.0109954 4.21061 0 2.85152 2.82955 2.5 0 1.37155 2.48074 0 1.36098 204 204 204 0
-0.0109722 4.21497 0 2.84473 2.8027 2.5 0 1.35739 2.46306 0 1.33733 204 204 204 0
-0.0109491 4.21933 0 2.83804 2.89046 2.5 0 1.3433 2.54618 0 1.36811 204 204 204 0
-0.0109259 4.2237 0 2.83143 2.8428 2.5 0 1.32927 2.51004 0 1.33461 204 204 204 0
-0.0109028 4.22806 0 2.8249 2.81926 2.5 0 1.31531 2.49501 0 1.31269 204 204 204 0
-0.0108796 4.23242 0 2.81845 2.83004 2.5 0 1.30142 2.51028 0 1.30677 204 204 204 0
-0.0108565 4.23679 0 2.81209 2.82146 2.5 0 1.28758 2.50832 0 1.29187 204 204 204 0
-0.0108333 4.24115 0 2.80582 2.76347 2.5 0 1.27381 2.46227 0 1.25459 204 204 204 0
-0.0108102 4.24551 0 2.79962 2.77122 2.5 0 1.2601 2.47465 0 1.24732 204 204 204 0
-0.010787 4.24988 0 2.7935 2.77511 2.5 0 1.24645 2.48354 0 1.23825 204 204 204 0
-0.0107639 4.25424 0 2.78746 2.8017 2.5 0 1.23286 2.51276 0 1.23916 204 204 204 0
-0.0107407 4.2586 0 2.7815 2.80584 2.5 0 1.21933 2.52188 0 1.23 204 204 204 0
-0.0107176 4.26297 0 2.77562 2.77639 2.5 0 1.20586 2.50069 0 1.20619 204 204 204 0
-0.0106944 4.26733 0 2.76982 2.78223 2.5 0 1.19244 2.5112 0 1.19778 204 204 204 0
-0.0106713 4.27169 0 2.7641 2.81207 2.5 0 1.17908 2.5434 0 1.19954 204 204 204 0
-0.0106481 4.27606 0 2.75844 2.77505 2.5 0 1.16577 2.51505 0 1.17279 204 204 204 0
-0.010625 4.28042 0 2.75287 2.77927 2.5 0 1.15252 2.52398 0 1.16357 204 204 204 0
-0.0106019 4.28478 0 2.74737 2.75969 2.5 0 1.13932 2.51122 0 1.14443 204 204 204 0
-0.0105787 4.28915 0 2.74194 2.76532 2.5 0 1.12617 2.52131 0 1.13577 204 204 204 0
-0.0105556 4.29351 0 2.73659 2.76799 2.5 0 1.11307 2.52869 0 1.12584 204 204 204 0
-0.0105324 4.29787 0 2.73131 2.72152 2.5 0 1.10003 2.49104 0 1.09608 204 204 204 0
-0.0105093 4.30224 0 2.7261 2.76358 2.5 0 1.08703 2.53436 0 1.10197 204 204 204 0
-0.0104861 4.3066 0 2.72097 2.74881 2.5 0 1.07409 2.52558 0 1.08507 204 204 204 0
-0.010463 4.31096 0 2.7159 2.76533 2.5 0 1.06119 2.5455 0 1.0805 204 204 204 0
-0.0104398 4.31533 0 2.71091 2.75434 2.5 0 1.04834 2.54005 0 1.06513 204 204 204 0
-0.0104167 4.31969 0 2.70598 2.67516 2.5 0 1.03553 2.47152 0 1.02374 204 204 204 0
-0.0103935 4.32405 0 2.70112 2.70551 2.5 0 1.02278 2.50406 0 1.02444 204 204 204 0
-0.0103704 4.32842 0 2.69634 2.70877 2.5 0 1.01007 2.51153 0 1.01472 204 204 204 0
-0.0103472 4.33278 0 2.69162 2.76494 2.5 0 0.997399 2.5681 0 1.02457 204 204 204 0
-0.0103241 4.33714 0 2.68697 2.68337 2.5 0 0.984776 2.49665 0 0.983457 204 204 204 0
-0.0103009 4.34151 0 2.68238 2.70873 2.5 0 0.972197 2.52456 0 0.981748 204 204 204 0
-0.0102778 4.34587 0 2.67786 2.71452 2.5 0 0.95966 2.53422 0 0.972798 204 204 204 0
-0.0102546 4.35023 0 2.67341 2.71743 2.5 0 0.947165 2.54116 0 0.96276 204 204 204 0
-0.0102315 4.3546 0 2.66902 2.67316 2.5 0 0.934712 2.50387 0 0.93616 204 204 204 0
-0.0102083 4.35896 0 2.6647 2.65623 2.5 0 0.922299 2.49205 0 0.919368 204 204 204 0
-0.0101852 4.36332 0 2.66044 2.69143 2.5 0 0.909926 2.52911 0 0.920522 204 204 204 0
-0.010162 4.36769 0 2.65625 2.6504 2.5 0 0.897592 2.49449 0 0.895614 204 204 204 0
-0.0101389 4.37205 0 2.65212 2.58747 2.5 0 0.885296 2.43906 0 0.863715 204 204 204 0
-0.0101157 4.37641 0 2.64806 2.61447 2.5 0 0.873039 2.46829 0 0.861965 204 204 204 0
-0.0100926 4.38078 0 2.64405 2.63237 2.5 0 0.860819 2.48896 0 0.857017 204 204 204 0
-0.0100694 4.38514 0 2.64011 2.6823 2.5 0 0.848636 2.53995 0 0.862197 204 204 204 0
-0.0100463 4.3895 0 2.63623 2.63338 2.5 0 0.836488 2.4973 0 0.835585 204 204 204 0
-0.0100231 4.39387 0 2.63241 2.66144 2.5 0 0.824376 2.52757 0 0.833467 204 204 204 0
-0.01 4.39823 0 2.62866 2.70434 2.5 0 0.812299 2.57198 0 0.835687 204 204 204 0
-0.00997685 4.40259 0 2.62496 2.64129 2.5 0 0.800256 2.51555 0 0.805234 204 204 204 0
-0.0099537 4.40696 0 2.62132 2.64371 2.5 0 0.788247 2.52135 0 0.79498 204 204 204 0
-0.00993056 4.41132 0 2.61775 2.62453 2.5 0 0.776271 2.50648 0 0.778283 204 204 204 0
-0.00990741 4.41568 0 2.61423 2.66812 2.5 0 0.764327 2.55153 0 0.780082 204 204 204 0
-0.00988426 4.42005 0 2.61077 2.60233 2.5 0 0.752415 2.49191 0 0.749981 204 204 204 0
-0.00986111 4.42441 0 2.60737 2.6083 2.5 0 0.740534 2.50089 0 0.740797 204 204 204 0
-0.00983796 4.42877 0 2.60403 2.65472 2.5 0 0.728684 2.54866 0 0.742868 204 204 204 0
-0.00981481 4.43314 0 2.60075 2.62555 2.5 0 0.716863 2.52384 0 0.723699 204 204 204 0
-0.00979167 4.4375 0 2.59752 2.58401 2.5 0 0.705073 2.48699 0 0.701403 204 204 204 0
-0.00976852 4.44186 0 2.59436 2.60784 2.5 0 0.693311 2.51299 0 0.696914 204 204 204 0
-0.00974537 4.44623 0 2.59124 2.62075 2.5 0 0.681578 2.52847 0 0.68934 204 204 204 0
-0.00972222 4.45059 0 2.58819 2.63053 2.5 0 0.669873 2.5409 0 0.680831 204 204 204 0
-0.00969907 4.45495 0 2.58519 2.56303 2.5 0 0.658195 2.47857 0 0.652553 204 204 204 0
-0.00967593 4.45932 0 2.58225 2.61541 2.5 0 0.646544 2.5321 0 0.654845 204 204 204 0
-0.00965278 4.46368 0 2.57937 2.51712 2.5 0 0.634919 2.43967 0 0.619597 204 204 204 0
-0.00962963 4.46804 0 2.57653 2.62916 2.5 0 0.62332 2.55106 0 0.636051 204 204 204 0
-0.00960648 4.47241 0 2.57376 2.60939 2.5 0 0.611746 2.53461 0 0.620216 204 204 204 0
-0.00958333 4.47677 0 2.57104 2.53239 2.5 0 0.600197 2.46241 0 0.591173 204 204 204 0
-0.00956019 4.48113 0 2.56837 2.61917 2.5 0 0.588672 2.54945 0 0.600315 204 204 204 0
-0.00953704 4.4855 0 2.56576 2.56046 2.5 0 0.57717 2.49483 0 0.575977 204 204 204 0
-0.00951389 4.48986 0 2.5632 2.58778 2.5 0 0.565692 2.52397 0 0.571117 204 204 204 0
-0.00949074 4.49422 0 2.5607 2.53924 2.5 0 0.554237 2.47905 0 0.549592 204 204 204 0
-0.00946759 4.49859 0 2.55825 2.62359 2.5 0 0.542803 2.56386 0 0.556668 204 204 204 0
-0.00944444 4.50295 0 2.55585 2.59868 2.5 0 0.531391 2.54189 0 0.540296 204 204 204 0
-0.0094213 4.50731 0 2.55351 2.536 2.5 0 0.520001 2.48286 0 0.516436 204 204 204 0
-0.00939815 4.51168 0 2.55122 2.5712 2.5 0 0.508631 2.51959 0 0.512616 204 204 204 0
-0.009375 4.51604 0 2.54898 2.54882 2.5 0 0.497281 2.49985 0 0.497251 204 204 204 0
-0.00935185 4.5204 0 2.54679 2.52604 2.5 0 0.485951 2.47963 0 0.481991 204 204 204 0
-0.0093287 4.52477 0 2.54466 2.52817 2.5 0 0.47464 2.4838 0 0.471564 204 204 204 0
-0.00930556 4.52913 0 2.54258 2.53594 2.5 0 0.463348 2.49348 0 0.462139 204 204 204 0
-0.00928241 4.53349 0 2.54055 2.56715 2.5 0 0.452074 2.52618 0 0.456808 204 204 204 0
-0.00925926 4.53786 0 2.53857 2.51796 2.5 0 0.440818 2.4797 0 0.437239 204 204 204 0
-0.00923611 4.54222 0 2.53664 2.55268 2.5 0 0.429578 2.51581 0 0.432295 204 204 204 0
-0.00921296 4.54658 0 2.53476 2.51117 2.5 0 0.418356 2.47673 0 0.414463 204 204 204 0
-0.00918981 4.55095 0 2.53294 2.56063 2.5 0 0.407151 2.52733 0 0.411602 204 204 204 0
-0.00916667 4.55531 0 2.53116 2.52907 2.5 0 0.395961 2.49793 0 0.395633 204 204 204 0
-0.00914352 4.55967 0 2.52944 2.54581 2.5 0 0.384787 2.51618 0 0.387277 204 204 204 0
-0.00912037 4.56404 0 2.52777 2.51231 2.5 0 0.373627 2.48472 0 0.371343 204 204 204 0
-0.00909722 4.5684 0 2.52614 2.52968 2.5 0 0.362483 2.5035 0 0.36299 204 204 204 0
-0.00907407 4.57276 0 2.52457 2.52762 2.5 0 0.351352 2.50302 0 0.351777 204 204 204 0
-0.00905093 4.57713 0 2.52305 2.57246 2.5 0 0.340235 2.54896 0 0.346898 204 204 204 0
-0.00902778 4.58149 0 2.52157 2.55552 2.5 0 0.329131 2.53365 0 0.333562 204 204 204 0
-0.00900463 4.58585 0 2.52015 2.55701 2.5 0 0.31804 2.53657 0 0.322692 204 204 204 0
-0.00898148 4.59022 0 2.51877 2.517 2.5 0 0.306961 2.49824 0 0.306745 204 204 204 0
-0.00895833 4.59458 0 2.51745 2.5208 2.5 0 0.295895 2.50332 0 0.296288 204 204 204 0
-0.00893519 4.59894 0 2.51617 2.51183 2.5 0 0.284839 2.49568 0 0.284347 204 204 204 0
-0.00891204 4.60331 0 2.51495 2.55618 2.5 0 0.273794 2.54099 0 0.278283 204 204 204 0
-0.00888889 4.60767 0 2.51377 2.49583 2.5 0 0.26276 2.48216 0 0.260885 204 204 204 0
-0.00886574 4.61203 0 2.51264 2.50641 2.5 0 0.251737 2.4938 0 0.251113 204 204 204 0
-0.00884259 4.6164 0 2.51156 2.53882 2.5 0 0.240723 2.52713 0 0.243335 204 204 204 0
-0.00881944 4.62076 0 2.51053 2.50278 2.5 0 0.229718 2.49228 0 0.229009 204 204 204 0
-0.0087963 4.62512 0 2.50955 2.53582 2.5 0 0.218721 2.52617 0 0.221011 204 204 204 0
-0.00877315 4.62949 0 2.50862 2.54154 2.5 0 0.207734 2.53281 0 0.21046 204 204 204 0
-0.00875 4.63385 0 2.50773 2.53774 2.5 0 0.196754 2.52992 0 0.199109 204 204 204 0
-0.00872685 4.63821 0 2.50689 2.51968 2.5 0 0.185782 2.51275 0 0.18673 204 204 204 0
-0.0087037 4.64258 0 2.5061 2.56666 2.5 0 0.174817 2.56041 0 0.179041 204 204 204 0
-0.00868056 4.64694 0 2.50536 2.50611 2.5 0 0.163859 2.50074 0 0.163907 204 204 204 0
-0.00865741 4.6513 0 2.50467 2.58439 2.5 0 0.152906 2.57957 0 0.157773 204 204 204 0
-0.00863426 4.65567 0 2.50403 2.5402 2.5 0 0.14196 2.53611 0 0.144011 204 204 204 0
-0.00861111 4.66003 0 2.50343 2.55871 2.5 0 0.13102 2.5552 0 0.133913 204 204 204 0
-0.00858796 4.66439 0 2.50288 2.50567 2.5 0 0.120084 2.50278 0 0.120217 204 204 204 0
-0.00856481 4.66876 0 2.50238 2.50554 2.5 0 0.109152 2.50316 0 0.10929 204 204 204 0
-0.00854167 4.67312 0 2.50193 2.4996 2.5 0 0.0982252 2.49767 0 0.0981338 204 204 204 0
-0.00851852 4.67748 0 2.50152 2.46404 2.5 0 0.0873019 2.46254 0 0.0859937 204 204 204 0
-0.00849537 4.68185 0 2.50117 2.50053 2.5 0 0.076382 2.49936 0 0.0763625 204 204 204 0
-0.00847222 4.68621 0 2.50086 2.52253 2.5 0 0.0654646 2.52167 0 0.0660321 204 204 204 0
-0.00844907 4.69057 0 2.5006 2.53472 2.5 0 0.0545501 2.53411 0 0.0552944 204 204 204 0
-0.00842593 4.69494 0 2.50038 2.50745 2.5 0 0.0436376 2.50706 0 0.0437609 204 204 204 0
-0.00840278 4.6993 0 2.50021 2.54931 2.5 0 0.0327268 2.54909 0 0.0333695 204 204 204 0
-0.00837963 4.70366 0 2.5001 2.50317 2.5 0 0.0218172 2.50307 0 0.0218441 204 204 204 0
-0.00835648 4.70803 0 2.50002 2.48017 2.5 0 0.0109082 2.48014 0 0.0108216 204 204 204 0
-0.00833333 4.71239 0 2.5 2.5002 2.5 0 -1.09278e-07 2.5002 0 -1.09287e-07 204 204 204 0
-0.00831019 4.71675 0 2.50002 2.48614 2.5 0 -0.0109084 2.48612 0 -0.0108479 204 204 204 0
-0.00828704 4.72112 0 2.5001 2.5401 2.5 0 -0.0218172 2.54 0 -0.0221663 204 204 204 0
-0.00826389 4.72548 0 2.50021 2.49432 2.5 0 -0.0327267 2.49411 0 -0.0326496 204 204 204 0
-0.00824074 4.72984 0 2.50038 2.54123 2.5 0 -0.0436378 2.54085 0 -0.0443508 204 204 204 0
-0.00821759 4.73421 0 2.5006 2.48254 2.5 0 -0.0545503 2.48195 0 -0.0541564 204 204 204 0
-0.00819444 4.73857 0 2.50086 2.52131 2.5 0 -0.0654648 2.52045 0 -0.0660003 204 204 204 0
-0.0081713 4.74293 0 2.50117 2.56738 2.5 0 -0.0763819 2.56619 0 -0.0784041 204 204 204 0
-0.00814815 4.7473 0 2.50152 2.52293 2.5 0 -0.0873018 2.52139 0 -0.0880489 204 204 204 0
-0.008125 4.75166 0 2.50193 2.52185 2.5 0 -0.0982254 2.51991 0 -0.0990077 204 204 204 0
-0.00810185 4.75602 0 2.50238 2.45519 2.5 0 -0.109152 2.45285 0 -0.107094 204 204 204 0
-0.0080787 4.76039 0 2.50288 2.49837 2.5 0 -0.120084 2.49549 0 -0.119867 204 204 204 0
-0.00805556 4.76475 0 2.50343 2.55083 2.5 0 -0.131019 2.54733 0 -0.1335 204 204 204 0
-0.00803241 4.76911 0 2.50403 2.49175 2.5 0 -0.14196 2.48774 0 -0.141264 204 204 204 0
-0.00800926 4.77348 0 2.50467 2.50637 2.5 0 -0.152907 2.50169 0 -0.15301 204 204 204 0
-0.00798611 4.77784 0 2.50536 2.54804 2.5 0 -0.163859 2.54259 0 -0.16665 204 204 204 0
-0.00796296 4.7822 0 2.5061 2.58556 2.5 0 -0.174817 2.57926 0 -0.18036 204 204 204 0
-0.00793981 4.78657 0 2.50689 2.52189 2.5 0 -0.185782 2.51496 0 -0.186893 204 204 204 0
-0.00791667 4.79093 0 2.50773 2.48425 2.5 0 -0.196754 2.47659 0 -0.194912 204 204 204 0
-0.00789352 4.79529 0 2.50862 2.52124 2.5 0 -0.207734 2.51259 0 -0.20878 204 204 204 0
-0.00787037 4.79966 0 2.50955 2.51267 2.5 0 -0.218722 2.50311 0 -0.218994 204 204 204 0
-0.00784722 4.80402 0 2.51053 2.44688 2.5 0 -0.229718 2.43661 0 -0.223893 204 204 204 0
-0.00782407 4.80838 0 2.51156 2.52287 2.5 0 -0.240723 2.51125 0 -0.241806 204 204 204 0
-0.00780093 4.81275 0 2.51264 2.54674 2.5 0 -0.251737 2.53393 0 -0.255154 204 204 204 0
-0.00777778 4.81711 0 2.51377 2.51748 2.5 0 -0.262761 2.50369 0 -0.263149 204 204 204 0
-0.00775463 4.82147 0 2.51495 2.47042 2.5 0 -0.273795 2.45574 0 -0.268947 204 204 204 0
-0.00773148 4.82584 0 2.51617 2.55132 2.5 0 -0.284839 2.53492 0 -0.288818 204 204 204 0
-0.00770833 4.8302 0 2.51745 2.55899 2.5 0 -0.295894 2.54125 0 -0.300777 204 204 204 0
-0.00768519 4.83456 0 2.51877 2.53093 2.5 0 -0.306962 2.51206 0 -0.308442 204 204 204 0
-0.00766204 4.83893 0 2.52015 2.61158 2.5 0 -0.31804 2.5907 0 -0.329579 204 204 204 0
-0.00763889 4.84329 0 2.52157 2.51468 2.5 0 -0.329131 2.49316 0 -0.328231 204 204 204 0
-0.00761574 4.84765 0 2.52305 2.5352 2.5 0 -0.340235 2.51204 0 -0.341874 204 204 204 0
-0.00759259 4.85202 0 2.52457 2.60336 2.5 0 -0.351352 2.57802 0 -0.362318 204 204 204 0
-0.00756944 4.85638 0 2.52614 2.5331 2.5 0 -0.362483 2.50688 0 -0.363481 204 204 204 0
-0.0075463 4.86074 0 2.52777 2.49545 2.5 0 -0.373628 2.46804 0 -0.368851 204 204 204 0
-0.00752315 4.86511 0 2.52944 2.51955 2.5 0 -0.384787 2.49022 0 -0.383282 204 204 204 0
-0.0075 4.86947 0 2.53116 2.50848 2.5 0 -0.395961 2.4776 0 -0.392413 204 204 204 0
-0.00747685 4.87383 0 2.53294 2.55325 2.5 0 -0.407151 2.52005 0 -0.410415 204 204 204 0
-0.0074537 4.8782 0 2.53476 2.55668 2.5 0 -0.418357 2.52161 0 -0.421973 204 204 204 0
-0.00743056 4.88256 0 2.53664 2.52251 2.5 0 -0.429579 2.48608 0 -0.427186 204 204 204 0
-0.00740741 4.88692 0 2.53857 2.57732 2.5 0 -0.440817 2.53817 0 -0.447547 204 204 204 0
-0.00738426 4.89129 0 2.54055 2.59038 2.5 0 -0.452074 2.54904 0 -0.460941 204 204 204 0
-0.00736111 4.89565 0 2.54258 2.54459 2.5 0 -0.463347 2.50198 0 -0.463714 204 204 204 0
-0.00733796 4.90001 0 2.54466 2.56312 2.5 0 -0.47464 2.51814 0 -0.478084 204 204 204 0
-0.00731481 4.90438 0 2.54679 2.53579 2.5 0 -0.485951 2.4892 0 -0.483852 204 204 204 0
-0.00729167 4.90874 0 2.54898 2.51581 2.5 0 -0.497281 2.46747 0 -0.490811 204 204 204 0
-0.00726852 4.9131 0 2.55122 2.52151 2.5 0 -0.508631 2.47089 0 -0.502708 204 204 204 0
-0.00724537 4.91747 0 2.55351 2.60702 2.5 0 -0.520001 2.55239 0 -0.530899 204 204 204 0
-0.00722222 4.92183 0 2.55585 2.56294 2.5 0 -0.531392 2.50693 0 -0.532865 204 204 204 0
-0.00719907 4.92619 0 2.55825 2.59174 2.5 0 -0.542803 2.53273 0 -0.549909 204 204 204 0
-0.00717593 4.93056 0 2.5607 2.54954 2.5 0 -0.554237 2.4891 0 -0.551821 204 204 204 0
-0.00715278 4.93492 0 2.5632 2.60703 2.5 0 -0.565692 2.54275 0 -0.575365 204 204 204 0
-0.00712963 4.93928 0 2.56576 2.53189 2.5 0 -0.577171 2.46699 0 -0.569551 204 204 204 0
-0.00710648 4.94365 0 2.56837 2.60684 2.5 0 -0.588672 2.53744 0 -0.597489 204 204 204 0
-0.00708333 4.94801 0 2.57104 2.64269 2.5 0 -0.600197 2.56967 0 -0.616923 204 204 204 0
-0.00706019 4.95237 0 2.57376 2.53571 2.5 0 -0.611746 2.46304 0 -0.602701 204 204 204 0
-0.00703704 4.95674 0 2.57653 2.62407 2.5 0 -0.62332 2.54612 0 -0.634819 204 204 204 0
-0.00701389 4.9611 0 2.57936 2.61454 2.5 0 -0.634919 2.53409 0 -0.643577 204 204 204 0
-0.00699074 4.96546 0 2.58225 2.61763 2.5 0 -0.646544 2.53426 0 -0.655403 204 204 204 0
-0.00696759 4.96983 0 2.58519 2.61226 2.5 0 -0.658195 2.52618 0 -0.665087 204 204 204 0
-0.00694444 4.97419 0 2.58819 2.59764 2.5 0 -0.669873 2.50913 0 -0.672318 204 204 204 0
-0.0069213 4.97855 0 2.59124 2.57203 2.5 0 -0.681578 2.48147 0 -0.676525 204 204 204 0
-0.00689815 4.98292 0 2.59436 2.61861 2.5 0 -0.693312 2.52337 0 -0.699793 204 204 204 0
-0.006875 4.98728 0 2.59752 2.6454 2.5 0 -0.705073 2.54608 0 -0.718068 204 204 204 0
-0.00685185 4.99164 0 2.60075 2.62994 2.5 0 -0.716864 2.52806 0 -0.724911 204 204 204 0
-0.0068287 4.99601 0 2.60403 2.67411 2.5 0 -0.728683 2.56728 0 -0.748293 204 204 204 0
-0.00680556 5.00037 0 2.60737 2.62595 2.5 0 -0.740534 2.51781 0 -0.74581 204 204 204 0
-0.00678241 5.00473 0 2.61077 2.61876 2.5 0 -0.752415 2.50765 0 -0.754717 204 204 204 0
-0.00675926 5.00909 0 2.61423 2.64012 2.5 0 -0.764327 2.52476 0 -0.771896 204 204 204 0
-0.00673611 5.01346 0 2.61775 2.60526 2.5 0 -0.776271 2.48808 0 -0.772569 204 204 204 0
-0.00671296 5.01782 0 2.62132 2.61998 2.5 0 -0.788247 2.49872 0 -0.787845 204 204 204 0
-0.00668981 5.02218 0 2.62496 2.60267 2.5 0 -0.800256 2.47877 0 -0.79346 204 204 204 0
-0.00666667 5.02655 0 2.62866 2.66087 2.5 0 -0.812299 2.53064 0 -0.822255 204 204 204 0
-0.00664352 5.03091 0 2.63241 2.6539 2.5 0 -0.824377 2.52041 0 -0.831106 204 204 204 0
-0.00662037 5.03527 0 2.63623 2.69466 2.5 0 -0.836488 2.55541 0 -0.855027 204 204 204 0
-0.00659722 5.03964 0 2.64011 2.63899 2.5 0 -0.848636 2.49893 0 -0.848274 204 204 204 0
-0.00657407 5.044 0 2.64405 2.69633 2.5 0 -0.860819 2.54943 0 -0.877841 204 204 204 0
-0.00655093 5.04836 0 2.64806 2.66149 2.5 0 -0.873039 2.51268 0 -0.877469 204 204 204 0
-0.00652778 5.05273 0 2.65212 2.66963 2.5 0 -0.885296 2.5165 0 -0.89114 204 204 204 0
-0.00650463 5.05709 0 2.65625 2.66304 2.5 0 -0.897592 2.50639 0 -0.899885 204 204 204 0
-0.00648148 5.06145 0 2.66044 2.67756 2.5 0 -0.909926 2.51608 0 -0.915778 204 204 204 0
-0.00645833 5.06582 0 2.6647 2.67368 2.5 0 -0.922299 2.50842 0 -0.925406 204 204 204 0
-0.00643519 5.07018 0 2.66902 2.6865 2.5 0 -0.934712 2.51637 0 -0.940834 204 204 204 0
-0.00641204 5.07454 0 2.67341 2.72665 2.5 0 -0.947165 2.54979 0 -0.966028 204 204 204 0
-0.00638889 5.07891 0 2.67786 2.67452 2.5 0 -0.95966 2.49688 0 -0.958462 204 204 204 0
-0.00636574 5.08327 0 2.68238 2.6734 2.5 0 -0.972197 2.49163 0 -0.968943 204 204 204 0
-0.00634259 5.08763 0 2.68697 2.72473 2.5 0 -0.984776 2.53513 0 -0.998616 204 204 204 0
-0.00631944 5.092 0 2.69162 2.74219 2.5 0 -0.997399 2.54697 0 -1.01614 204 204 204 0
-0.0062963 5.09636 0 2.69634 2.71143 2.5 0 -1.01007 2.51399 0 -1.01572 204 204 204 0
-0.00627315 5.10072 0 2.70112 2.69217 2.5 0 -1.02278 2.49172 0 -1.01939 204 204 204 0
-0.00625 5.10509 0 2.70598 2.71129 2.5 0 -1.03553 2.5049 0 -1.03756 204 204 204 0
-0.00622685 5.10945 0 2.71091 2.72859 2.5 0 -1.04834 2.51631 0 -1.05518 204 204 204 0
-0.0062037 5.11381 0 2.7159 2.69359 2.5 0 -1.06119 2.47947 0 -1.05247 204 204 204 0
-0.00618056 5.11818 0 2.72097 2.74561 2.5 0 -1.07408 2.52264 0 -1.08381 204 204 204 0
-0.00615741 5.12254 0 2.7261 2.77238 2.5 0 -1.08703 2.54244 0 -1.10549 204 204 204 0
-0.00613426 5.1269 0 2.73131 2.77878 2.5 0 -1.10003 2.54345 0 -1.11915 204 204 204 0
-0.00611111 5.13127 0 2.73659 2.72375 2.5 0 -1.11307 2.48827 0 -1.10785 204 204 204 0
-0.00608796 5.13563 0 2.74194 2.71251 2.5 0 -1.12617 2.47316 0 -1.11408 204 204 204 0
-0.00606481 5.13999 0 2.74737 2.72797 2.5 0 -1.13932 2.48235 0 -1.13127 204 204 204 0
-0.00604167 5.14436 0 2.75287 2.77393 2.5 0 -1.15252 2.51913 0 -1.16133 204 204 204 0
-0.00601852 5.14872 0 2.75844 2.77749 2.5 0 -1.16577 2.51726 0 -1.17382 204 204 204 0
-0.00599537 5.15308 0 2.7641 2.80685 2.5 0 -1.17908 2.53867 0 -1.19731 204 204 204 0
-0.00597222 5.15745 0 2.76982 2.79657 2.5 0 -1.19244 2.52414 0 -1.20395 204 204 204 0
-0.00594907 5.16181 0 2.77562 2.82935 2.5 0 -1.20586 2.54839 0 -1.2292 204 204 204 0
-0.00592593 5.16617 0 2.7815 2.84658 2.5 0 -1.21933 2.55849 0 -1.24786 204 204 204 0
-0.00590278 5.17054 0 2.78746 2.81537 2.5 0 -1.23286 2.52503 0 -1.24521 204 204 204 0
-0.00587963 5.1749 0 2.7935 2.8231 2.5 0 -1.24645 2.52649 0 -1.25966 204 204 204 0
-0.00585648 5.17926 0 2.79962 2.84658 2.5 0 -1.2601 2.54193 0 -1.28124 204 204 204 0
-0.00583333 5.18363 0 2.80582 2.82583 2.5 0 -1.27381 2.51784 0 -1.2829 204 204 204 0
-0.00581019 5.18799 0 2.81209 2.84723 2.5 0 -1.28758 2.53124 0 -1.30367 204 204 204 0
-0.00578704 5.19235 0 2.81845 2.84045 2.5 0 -1.30142 2.51951 0 -1.31158 204 204 204 0
-0.00576389 5.19672 0 2.8249 2.85844 2.5 0 -1.31531 2.52968 0 -1.33093 204 204 204 0
-0.00574074 5.20108 0 2.83143 2.85044 2.5 0 -1.32927 2.51679 0 -1.3382 204 204 204 0
-0.00571759 5.20544 0 2.83804 2.86171 2.5 0 -1.3433 2.52086 0 -1.35451 204 204 204 0
-0.00569444 5.20981 0 2.84473 2.88477 2.5 0 -1.35739 2.53519 0 -1.3765 204 204 204 0
-0.0056713 5.21417 0 2.85152 2.85099 2.5 0 -1.37155 2.49954 0 -1.37129 204 204 204 0
-0.00564815 5.21853 0 2.85839 2.85288 2.5 0 -1.38577 2.49519 0 -1.3831 204 204 204 0
-0.005625 5.2229 0 2.86534 2.90445 2.5 0 -1.40007 2.53412 0 -1.41918 204 204 204 0
-0.00560185 5.22726 0 2.87239 2.86458 2.5 0 -1.41443 2.4932 0 -1.41059 204 204 204 0
-0.0055787 5.23162 0 2.87953 2.90398 2.5 0 -1.42887 2.52123 0 -1.441 204 204 204 0
-0.00555556 5.23599 0 2.88675 2.90956 2.5 0 -1.44338 2.51976 0 -1.45478 204 204 204 0
-0.00553241 5.24035 0 2.89407 2.93876 2.5 0 -1.45796 2.53861 0 -1.48047 204 204 204 0
-0.00550926 5.24471 0 2.90148 2.9022 2.5 0 -1.47261 2.50062 0 -1.47298 204 204 204 0
-0.00548611 5.24908 0 2.90898 2.92418 2.5 0 -1.48734 2.51306 0 -1.49511 204 204 204 0
-0.00546296 5.25344 0 2.91658 2.90837 2.5 0 -1.50215 2.49296 0 -1.49792 204 204 204 0
-0.00543981 5.2578 0 2.92428 2.90321 2.5 0 -1.51704 2.48199 0 -1.50611 204 204 204 0
-0.00541667 5.26217 0 2.93207 2.96514 2.5 0 -1.532 2.5282 0 -1.54928 204 204 204 0
-0.00539352 5.26653 0 2.93996 2.94437 2.5 0 -1.54705 2.50375 0 -1.54937 204 204 204 0
-0.00537037 5.27089 0 2.94795 2.94879 2.5 0 -1.56217 2.50072 0 -1.56262 204 204 204 0
-0.00534722 5.27526 0 2.95603 3.04362 2.5 0 -1.57738 2.57408 0 -1.62412 204 204 204 0
-0.00532407 5.27962 0 2.96422 3.02567 2.5 0 -1.59268 2.55183 0 -1.62569 204 204 204 0
-0.00530093 5.28398 0 2.97251 2.98702 2.5 0 -1.60805 2.5122 0 -1.6159 204 204 204 0
-0.00527778 5.28835 0 2.98091 2.98165 2.5 0 -1.62352 2.50062 0 -1.62392 204 204 204 0
-0.00525463 5.29271 0 2.98941 3.03323 2.5 0 -1.63907 2.53665 0 -1.6631 204 204 204 0
-0.00523148 5.29707 0 2.99801 3.00701 2.5 0 -1.65471 2.5075 0 -1.65968 204 204 204 0
-0.00520833 5.30144 0 3.00672 2.97335 2.5 0 -1.67045 2.47225 0 -1.65191 204 204 204 0
-0.00518519 5.3058 0 3.01554 3.05393 2.5 0 -1.68627 2.53182 0 -1.70774 204 204 204 0
-0.00516204 5.31016 0 3.02448 3.03947 2.5 0 -1.70219 2.5124 0 -1.71063 204 204 204 0
-0.00513889 5.31453 0 3.03352 3.09573 2.5 0 -1.7182 2.55127 0 -1.75344 204 204 204 0
-0.00511574 5.31889 0 3.04267 3.08598 2.5 0 -1.73431 2.53559 0 -1.759 204 204 204 0
-0.00509259 5.32325 0 3.05194 3.06027 2.5 0 -1.75052 2.50683 0 -1.7553 204 204 204 0
-0.00506944 5.32762 0 3.06132 3.08504 2.5 0 -1.76683 2.51937 0 -1.78051 204 204 204 0
-0.0050463 5.33198 0 3.07082 3.04827 2.5 0 -1.78323 2.48165 0 -1.77014 204 204 204 0
-0.00502315 5.33634 0 3.08043 3.13988 2.5 0 -1.79974 2.54825 0 -1.83448 204 204 204 0
-0.005 5.34071 0 3.09017 3.02659 2.5 0 -1.81636 2.44856 0 -1.77898 204 204 204 0
-0.00497685 5.34507 0 3.10003 3.09118 2.5 0 -1.83308 2.49287 0 -1.82785 204 204 204 0
-0.0049537 5.34943 0 3.11001 3.12252 2.5 0 -1.8499 2.51006 0 -1.85735 204 204 204 0
-0.00493056 5.3538 0 3.12011 3.12274 2.5 0 -1.86684 2.50211 0 -1.86841 204 204 204 0
-0.00490741 5.35816 0 3.13034 3.20358 2.5 0 -1.88389 2.55849 0 -1.92796 204 204 204 0
-0.00488426 5.36252 0 3.1407 3.1563 2.5 0 -1.90104 2.51242 0 -1.91049 204 204 204 0
-0.00486111 5.36689 0 3.15118 3.17966 2.5 0 -1.91832 2.5226 0 -1.93566 204 204 204 0
-0.00483796 5.37125 0 3.1618 3.18513 2.5 0 -1.93571 2.51845 0 -1.94999 204 204 204 0
-0.00481481 5.37561 0 3.17255 3.19199 2.5 0 -1.95321 2.51532 0 -1.96519 204 204 204 0
-0.00479167 5.37998 0 3.18343 3.27711 2.5 0 -1.97084 2.57357 0 -2.02884 204 204 204 0
-0.00476852 5.38434 0 3.19445 3.19631 2.5 0 -1.98859 2.50146 0 -1.98975 204 204 204 0
-0.00474537 5.3887 0 3.2056 3.19704 2.5 0 -2.00646 2.49332 0 -2.0011 204 204 204 0
-0.00472222 5.39307 0 3.2169 3.19689 2.5 0 -2.02446 2.48445 0 -2.01187 204 204 204 0
-0.00469907 5.39743 0 3.22834 3.23928 2.5 0 -2.04259 2.50847 0 -2.04951 204 204 204 0
-0.00467593 5.40179 0 3.23992 3.24885 2.5 0 -2.06084 2.50689 0 -2.06652 204 204 204 0
-0.00465278 5.40616 0 3.25164 3.23958 2.5 0 -2.07923 2.49072 0 -2.07151 204 204 204 0
-0.00462963 5.41052 0 3.26352 3.19816 2.5 0 -2.09775 2.44993 0 -2.05573 204 204 204 0
-0.00460648 5.41488 0 3.27554 3.26726 2.5 0 -2.11641 2.49368 0 -2.11105 204 204 204 0
-0.00458333 5.41925 0 3.28772 3.31292 2.5 0 -2.1352 2.51916 0 -2.15157 204 204 204 0
-0.00456019 5.42361 0 3.30005 3.25446 2.5 0 -2.15414 2.46546 0 -2.12438 204 204 204 0
-0.00453704 5.42797 0 3.31253 3.32938 2.5 0 -2.17322 2.51272 0 -2.18427 204 204 204 0
-0.00451389 5.43234 0 3.32518 3.34007 2.5 0 -2.19244 2.51119 0 -2.20226 204 204 204 0
-0.00449074 5.4367 0 3.33798 3.35396 2.5 0 -2.21181 2.51197 0 -2.2224 204 204 204 0
-0.00446759 5.44106 0 3.35095 3.37132 2.5 0 -2.23134 2.5152 0 -2.2449 204 204 204 0
-0.00444444 5.44543 0 3.36408 3.3665 2.5 0 -2.25101 2.5018 0 -2.25263 204 204 204 0
-0.0044213 5.44979 0 3.37738 3.3935 2.5 0 -2.27084 2.51193 0 -2.28168 204 204 204 0
-0.00439815 5.45415 0 3.39085 3.39749 2.5 0 -2.29083 2.5049 0 -2.29531 204 204 204 0
-0.004375 5.45852 0 3.4045 3.41887 2.5 0 -2.31098 2.51055 0 -2.32073 204 204 204 0
-0.00435185 5.46288 0 3.41832 3.3898 2.5 0 -2.33129 2.47914 0 -2.31184 204 204 204 0
-0.0043287 5.46724 0 3.43232 3.41233 2.5 0 -2.35176 2.48544 0 -2.33807 204 204 204 0
-0.00430556 5.47161 0 3.4465 3.4937 2.5 0 -2.37241 2.53424 0 -2.40491 204 204 204 0
-0.00428241 5.47597 0 3.46086 3.5183 2.5 0 -2.39323 2.54149 0 -2.43295 204 204 204 0
-0.00425926 5.48033 0 3.47541 3.47896 2.5 0 -2.41422 2.50255 0 -2.41669 204 204 204 0
-0.00423611 5.4847 0 3.49015 3.48562 2.5 0 -2.43539 2.49675 0 -2.43223 204 204 204 0
-0.00421296 5.48906 0 3.50508 3.52277 2.5 0 -2.45674 2.51262 0 -2.46914 204 204 204 0
-0.00418981 5.49342 0 3.52021 3.53609 2.5 0 -2.47828 2.51128 0 -2.48946 204 204 204 0
-0.00416667 5.49779 0 3.53553 3.57908 2.5 0 -2.5 2.53079 0 -2.53079 204 204 204 0
-0.00414352 5.50215 0 3.52021 3.52633 2.47828 0 -2.5 2.48259 0 -2.50435 204 204 204 0
-0.00412037 5.50651 0 3.50508 3.49513 2.45674 0 -2.5 2.44977 0 -2.4929 204 204 204 0
-0.00409722 5.51088 0 3.49015 3.44856 2.43539 0 -2.5 2.40637 0 -2.47021 204 204 204 0
-0.00407407 5.51524 0 3.47541 3.50913 2.41422 0 -2.5 2.43765 0 -2.52426 204 204 204 0
-0.00405093 5.5196 0 3.46086 3.46256 2.39323 0 -2.5 2.39441 0 -2.50123 204 204 204 0
-0.00402778 5.52397 0 3.4465 3.43515 2.37241 0 -2.5 2.3646 0 -2.49177 204 204 204 0
-0.00400463 5.52833 0 3.43232 3.41195 2.35176 0 -2.5 2.33781 0 -2.48516 204 204 204 0
-0.00398148 5.53269 0 3.41832 3.42979 2.33129 0 -2.5 2.33911 0 -2.50839 204 204 204 0
-0.00395833 5.53706 0 3.4045 3.4588 2.31098 0 -2.5 2.34784 0 -2.53988 204 204 204 0
-0.00393519 5.54142 0 3.39085 3.40809 2.29083 0 -2.5 2.30247 0 -2.51271 204 204 204 0
-0.00391204 5.54578 0 3.37738 3.41844 2.27084 0 -2.5 2.29845 0 -2.53039 204 204 204 0
-0.00388889 5.55015 0 3.36408 3.39463 2.25101 0 -2.5 2.27145 0 -2.5227 204 204 204 0
-0.00386574 5.55451 0 3.35095 3.34865 2.23134 0 -2.5 2.2298 0 -2.49828 204 204 204 0
-0.00384259 5.55887 0 3.33798 3.36423 2.21181 0 -2.5 2.22921 0 -2.51966 204 204 204 0
-0.00381944 5.56324 0 3.32518 3.35058 2.19244 0 -2.5 2.20919 0 -2.5191 204 204 204 0
-0.0037963 5.5676 0 3.31253 3.31186 2.17322 0 -2.5 2.17277 0 -2.49949 204 204 204 0
-0.00377315 5.57196 0 3.30005 3.29369 2.15414 0 -2.5 2.14999 0 -2.49519 204 204 204 0
-0.00375 5.57633 0 3.28772 3.31527 2.1352 0 -2.5 2.15309 0 -2.52095 204 204 204 0
-0.00372685 5.58069 0 3.27554 3.28649 2.11641 0 -2.5 2.12348 0 -2.50836 204 204 204 0
-0.0037037 5.58505 0 3.26352 3.26916 2.09775 0 -2.5 2.10138 0 -2.50432 204 204 204 0
-0.00368056 5.58942 0 3.25164 3.29782 2.07923 0 -2.5 2.10876 0 -2.5355 204 204 204 0
-0.00365741 5.59378 0 3.23992 3.28089 2.06084 0 -2.5 2.0869 0 -2.53161 204 204 204 0
-0.00363426 5.59814 0 3.22834 3.24735 2.04259 0 -2.5 2.05462 0 -2.51473 204 204 204 0
-0.00361111 5.60251 0 3.2169 3.20696 2.02446 0 -2.5 2.0182 0 -2.49227 204 204 204 0
-0.00358796 5.60687 0 3.2056 3.19509 2.00646 0 -2.5 1.99988 0 -2.4918 204 204 204 0
-0.00356481 5.61123 0 3.19445 3.17612 1.98859 0 -2.5 1.97718 0 -2.48566 204 204 204 0
-0.00354167 5.6156 0 3.18343 3.23651 1.97084 0 -2.5 2.00371 0 -2.54169 204 204 204 0
-0.00351852 5.61996 0 3.17255 3.26824 1.95321 0 -2.5 2.01213 0 -2.57541 204 204 204 0
-0.00349537 5.62432 0 3.1618 3.16082 1.93571 0 -2.5 1.93511 0 -2.49923 204 204 204 0
-0.00347222 5.62869 0 3.15118 3.16396 1.91832 0 -2.5 1.9261 0 -2.51014 204 204 204 0
-0.00344907 5.63305 0 3.1407 3.1506 1.90104 0 -2.5 1.90704 0 -2.50788 204 204 204 0
-0.00342593 5.63741 0 3.13034 3.15902 1.88389 0 -2.5 1.90115 0 -2.52291 204 204 204 0
-0.00340278 5.64178 0 3.12011 3.11607 1.86684 0 -2.5 1.86442 0 -2.49676 204 204 204 0
-0.00337963 5.64614 0 3.11001 3.19191 1.8499 0 -2.5 1.89862 0 -2.56584 204 204 204 0
-0.00335648 5.6505 0 3.10003 3.10027 1.83308 0 -2.5 1.83322 0 -2.5002 204 204 204 0
-0.00333333 5.65487 0 3.09017 3.08979 1.81636 0 -2.5 1.81614 0 -2.4997 204 204 204 0
-0.00331019 5.65923 0 3.08043 3.09802 1.79974 0 -2.5 1.81002 0 -2.51427 204 204 204 0
-0.00328704 5.66359 0 3.07082 3.04494 1.78323 0 -2.5 1.76821 0 -2.47893 204 204 204 0
-0.00326389 5.66796 0 3.06132 3.11857 1.76683 0 -2.5 1.79987 0 -2.54676 204 204 204 0
-0.00324074 5.67232 0 3.05194 3.02736 1.75052 0 -2.5 1.73642 0 -2.47987 204 204 204 0
-0.00321759 5.67668 0 3.04267 3.06543 1.73431 0 -2.5 1.74729 0 -2.5187 204 204 204 0
-0.00319444 5.68105 0 3.03352 3.03731 1.7182 0 -2.5 1.72035 0 -2.50313 204 204 204 0
-0.0031713 5.68541 0 3.02447 3.02585 1.70219 0 -2.5 1.70296 0 -2.50114 204 204 204 0
-0.00314815 5.68977 0 3.01554 2.98751 1.68627 0 -2.5 1.6706 0 -2.47676 204 204 204 0
-0.003125 5.69414 0 3.00672 3.05 1.67045 0 -2.5 1.69449 0 -2.53598 204 204 204 0
-0.00310185 5.6985 0 2.99801 3.00394 1.65471 0 -2.5 1.65798 0 -2.50494 204 204 204 0
-0.0030787 5.70286 0 2.98941 2.98847 1.63907 0 -2.5 1.63856 0 -2.49922 204 204 204 0
-0.00305556 5.70723 0 2.98091 3.00596 1.62352 0 -2.5 1.63716 0 -2.52101 204 204 204 0
-0.00303241 5.71159 0 2.97251 2.99578 1.60805 0 -2.5 1.62064 0 -2.51957 204 204 204 0
-0.00300926 5.71595 0 2.96422 2.95966 1.59268 0 -2.5 1.59023 0 -2.49616 204 204 204 0
-0.00298611 5.72032 0 2.95603 2.94223 1.57738 0 -2.5 1.57001 0 -2.48832 204 204 204 0
-0.00296296 5.72468 0 2.94795 2.93749 1.56217 0 -2.5 1.55663 0 -2.49113 204 204 204 0
-0.00293981 5.72904 0 2.93996 2.94942 1.54705 0 -2.5 1.55202 0 -2.50804 204 204 204 0
-0.00291667 5.73341 0 2.93207 2.92527 1.532 0 -2.5 1.52845 0 -2.4942 204 204 204 0
-0.00289352 5.73777 0 2.92428 2.92327 1.51704 0 -2.5 1.51651 0 -2.49914 204 204 204 0
-0.00287037 5.74213 0 2.91658 2.9433 1.50215 0 -2.5 1.51591 0 -2.5229 204 204 204 0
-0.00284722 5.7465 0 2.90898 2.91864 1.48734 0 -2.5 1.49228 0 -2.50829 204 204 204 0
-0.00282407 5.75086 0 2.90148 2.92414 1.47261 0 -2.5 1.48411 0 -2.51952 204 204 204 0
-0.00280093 5.75522 0 2.89407 2.93502 1.45796 0 -2.5 1.47859 0 -2.53537 204 204 204 0
-0.00277778 5.75959 0 2.88675 2.89268 1.44338 0 -2.5 1.44634 0 -2.50513 204 204 204 0
-0.00275463 5.76395 0 2.87953 2.88661 1.42887 0 -2.5 1.43239 0 -2.50616 204 204 204 0
-0.00273148 5.76831 0 2.87239 2.87228 1.41443 0 -2.5 1.41438 0 -2.49991 204 204 204 0
-0.00270833 5.77268 0 2.86534 2.88803 1.40007 0 -2.5 1.41115 0 -2.51979 204 204 204 0
-0.00268519 5.77704 0 2.85838 2.87337 1.38577 0 -2.5 1.39304 0 -2.51311 204 204 204 0
-0.00266204 5.7814 0 2.85152 2.87691 1.37155 0 -2.5 1.38376 0 -2.52226 204 204 204 0
-0.00263889 5.78577 0 2.84473 2.85626 1.35739 0 -2.5 1.36289 0 -2.51013 204 204 204 0
-0.00261574 5.79013 0 2.83804 2.83776 1.3433 0 -2.5 1.34317 0 -2.49976 204 204 204 0
-0.00259259 5.79449 0 2.83143 2.86818 1.32927 0 -2.5 1.34653 0 -2.53245 204 204 204 0
-0.00256944 5.79886 0 2.8249 2.85921 1.31531 0 -2.5 1.33129 0 -2.53037 204 204 204 0
-0.0025463 5.80322 0 2.81845 2.84499 1.30142 0 -2.5 1.31367 0 -2.52354 204 204 204 0
-0.00252315 5.80758 0 2.81209 2.89679 1.28758 0 -2.5 1.32636 0 -2.57529 204 204 204 0
-0.0025 5.81195 0 2.80582 2.78469 1.27381 0 -2.5 1.26422 0 -2.48117 204 204 204 0
-0.00247685 5.81631 0 2.79962 2.84923 1.2601 0 -2.5 1.28243 0 -2.5443 204 204 204 0
-0.0024537 5.82067 0 2.7935 2.78092 1.24645 0 -2.5 1.24084 0 -2.48875 204 204 204 0
-0.00243056 5.82504 0 2.78746 2.78759 1.23286 0 -2.5 1.23292 0 -2.50011 204 204 204 0
-0.00240741 5.8294 0 2.7815 2.85471 1.21933 0 -2.5 1.25142 0 -2.5658 204 204 204 0
-0.00238426 5.83376 0 2.77562 2.71983 1.20586 0 -2.5 1.18162 0 -2.44974 204 204 204 0
-0.00236111 5.83813 0 2.76982 2.79932 1.19244 0 -2.5 1.20514 0 -2.52662 204 204 204 0
-0.00233796 5.84249 0 2.7641 2.83188 1.17908 0 -2.5 1.20799 0 -2.56131 204 204 204 0
-0.00231481 5.84685 0 2.75844 2.77037 1.16577 0 -2.5 1.17081 0 -2.51081 204 204 204 0
-0.00229167 5.85122 0 2.75287 2.76852 1.15252 0 -2.5 1.15907 0 -2.51421 204 204 204 0
-0.00226852 5.85558 0 2.74737 2.74485 1.13932 0 -2.5 1.13827 0 -2.49771 204 204 204 0
-0.00224537 5.85994 0 2.74194 2.81493 1.12617 0 -2.5 1.15614 0 -2.56655 204 204 204 0
-0.00222222 5.86431 0 2.73659 2.77452 1.11307 0 -2.5 1.1285 0 -2.53465 204 204 204 0
-0.00219907 5.86867 0 2.73131 2.77335 1.10003 0 -2.5 1.11696 0 -2.53848 204 204 204 0
-0.00217593 5.87303 0 2.7261 2.73639 1.08703 0 -2.5 1.09113 0 -2.50943 204 204 204 0
-0.00215278 5.8774 0 2.72097 2.71967 1.07408 0 -2.5 1.07357 0 -2.49881 204 204 204 0
-0.00212963 5.88176 0 2.7159 2.77924 1.06119 0 -2.5 1.08593 0 -2.5583 204 204 204 0
-0.00210648 5.88612 0 2.71091 2.76417 1.04834 0 -2.5 1.06893 0 -2.54912 204 204 204 0
-0.00208333 5.89049 0 2.70598 2.7062 1.03553 0 -2.5 1.03562 0 -2.5002 204 204 204 0
-0.00206019 5.89485 0 2.70112 2.72201 1.02278 0 -2.5 1.03069 0 -2.51933 204 204 204 0
-0.00203704 5.89921 0 2.69634 2.69523 1.01007 0 -2.5 1.00965 0 -2.49897 204 204 204 0
-0.00201389 5.90358 0 2.69162 2.71852 0.997399 0 -2.5 1.00737 0 -2.52499 204 204 204 0
-0.00199074 5.90794 0 2.68697 2.69287 0.984776 0 -2.5 0.986941 0 -2.5055 204 204 204 0
-0.00196759 5.9123 0 2.68238 2.6961 0.972197 0 -2.5 0.977169 0 -2.51279 204 204 204 0
-0.00194444 5.91667 0 2.67786 2.72604 0.95966 0 -2.5 0.976926 0 -2.54498 204 204 204 0
-0.0019213 5.92103 0 2.67341 2.69329 0.947165 0 -2.5 0.954209 0 -2.51859 204 204 204 0
-0.00189815 5.92539 0 2.66902 2.69922 0.934712 0 -2.5 0.945285 0 -2.52828 204 204 204 0
-0.001875 5.92976 0 2.6647 2.68693 0.922299 0 -2.5 0.929991 0 -2.52085 204 204 204 0
-0.00185185 5.93412 0 2.66044 2.67663 0.909926 0 -2.5 0.91546 0 -2.51521 204 204 204 0
-0.0018287 5.93848 0 2.65625 2.65145 0.897591 0 -2.5 0.89597 0 -2.49548 204 204 204 0
-0.00180556 5.94285 0 2.65212 2.72096 0.885296 0 -2.5 0.908273 0 -2.56489 204 204 204 0
-0.00178241 5.94721 0 2.64806 2.68488 0.873039 0 -2.5 0.885179 0 -2.53476 204 204 204 0
-0.00175926 5.95157 0 2.64405 2.69635 0.860819 0 -2.5 0.877847 0 -2.54945 204 204 204 0
-0.00173611 5.95594 0 2.64011 2.64668 0.848635 0 -2.5 0.850749 0 -2.50622 204 204 204 0
-0.00171296 5.9603 0 2.63623 2.65046 0.836488 0 -2.5 0.841003 0 -2.51349 204 204 204 0
-0.00168981 5.96466 0 2.63241 2.63454 0.824376 0 -2.5 0.825042 0 -2.50202 204 204 204 0
-0.00166667 5.96903 0 2.62866 2.66697 0.812299 0 -2.5 0.82414 0 -2.53644 204 204 204 0
-0.00164352 5.97339 0 2.62496 2.62881 0.800256 0 -2.5 0.801429 0 -2.50366 204 204 204 0
-0.00162037 5.97775 0 2.62132 2.64858 0.788247 0 -2.5 0.796443 0 -2.526 204 204 204 0
-0.00159722 5.98212 0 2.61775 2.63045 0.77627 0 -2.5 0.780037 0 -2.51213 204 204 204 0
-0.00157407 5.98648 0 2.61423 2.62251 0.764326 0 -2.5 0.766747 0 -2.50792 204 204 204 0
-0.00155093 5.99084 0 2.61077 2.59408 0.752414 0 -2.5 0.747605 0 -2.48402 204 204 204 0
-0.00152778 5.99521 0 2.60737 2.60046 0.740534 0 -2.5 0.738571 0 -2.49338 204 204 204 0
-0.00150463 5.99957 0 2.60403 2.63732 0.728683 0 -2.5 0.738 0 -2.53196 204 204 204 0
-0.00148148 6.00393 0 2.60075 2.58866 0.716864 0 -2.5 0.713532 0 -2.48838 204 204 204 0
-0.00145833 6.0083 0 2.59752 2.62989 0.705073 0 -2.5 0.71386 0 -2.53116 204 204 204 0
-0.00143519 6.01266 0 2.59436 2.61135 0.693312 0 -2.5 0.697854 0 -2.51638 204 204 204 0
-0.00141204 6.01702 0 2.59124 2.61003 0.681578 0 -2.5 0.686519 0 -2.51812 204 204 204 0
-0.00138889 6.02139 0 2.58819 2.61603 0.669873 0 -2.5 0.677079 0 -2.52689 204 204 204 0
-0.00136574 6.02575 0 2.58519 2.61395 0.658195 0 -2.5 0.665517 0 -2.52781 204 204 204 0
-0.00134259 6.03011 0 2.58225 2.56131 0.646544 0 -2.5 0.641301 0 -2.47973 204 204 204 0
-0.00131944 6.03448 0 2.57936 2.61798 0.634919 0 -2.5 0.644423 0 -2.53742 204 204 204 0
-0.0012963 6.03884 0 2.57653 2.58836 0.62332 0 -2.5 0.626181 0 -2.51148 204 204 204 0
-0.00127315 6.0432 0 2.57376 2.59977 0.611746 0 -2.5 0.617928 0 -2.52526 204 204 204 0
-0.00125 6.04757 0 2.57104 2.57348 0.600197 0 -2.5 0.600766 0 -2.50237 204 204 204 0
-0.00122685 6.05193 0 2.56837 2.61415 0.588672 0 -2.5 0.599164 0 -2.54456 204 204 204 0
-0.0012037 6.05629 0 2.56576 2.60654 0.577171 0 -2.5 0.586343 0 -2.53973 204 204 204 0
-0.00118056 6.06066 0 2.5632 2.58223 0.565693 0 -2.5 0.569892 0 -2.51856 204 204 204 0
-0.00115741 6.06502 0 2.5607 2.59429 0.554236 0 -2.5 0.561506 0 -2.53279 204 204 204 0
-0.00113426 6.06938 0 2.55825 2.5463 0.542803 0 -2.5 0.540267 0 -2.48832 204 204 204 0
-0.00111111 6.07375 0 2.55585 2.60287 0.531391 0 -2.5 0.541167 0 -2.54599 204 204 204 0
-0.00108796 6.07811 0 2.55351 2.59347 0.520001 0 -2.5 0.528138 0 -2.53912 204 204 204 0
-0.00106481 6.08247 0 2.55122 2.57787 0.508631 0 -2.5 0.513944 0 -2.52612 204 204 204 0
-0.00104167 6.08684 0 2.54898 2.49635 0.497281 0 -2.5 0.487013 0 -2.44838 204 204 204 0
-0.00101852 6.0912 0 2.54679 2.55818 0.485951 0 -2.5 0.488125 0 -2.51118 204 204 204 0
-0.00099537 6.09556 0 2.54466 2.56089 0.47464 0 -2.5 0.477668 0 -2.51595 204 204 204 0
-0.000972222 6.09993 0 2.54258 2.53335 0.463348 0 -2.5 0.461666 0 -2.49093 204 204 204 0
-0.000949074 6.10429 0 2.54055 2.51691 0.452074 0 -2.5 0.447867 0 -2.47674 204 204 204 0
-0.000925926 6.10865 0 2.53857 2.57133 0.440817 0 -2.5 0.446506 0 -2.53226 204 204 204 0
-0.000902778 6.11302 0 2.53664 2.51767 0.429578 0 -2.5 0.426365 0 -2.4813 204 204 204 0
-0.00087963 6.11738 0 2.53476 2.5808 0.418356 0 -2.5 0.425955 0 -2.54541 204 204 204 0
-0.000856481 6.12174 0 2.53294 2.53667 0.407151 0 -2.5 0.407751 0 -2.50369 204 204 204 0
-0.000833333 6.12611 0 2.53116 2.55693 0.395961 0 -2.5 0.399992 0 -2.52545 204 204 204 0
-0.000810185 6.13047 0 2.52944 2.49102 0.384787 0 -2.5 0.378942 0 -2.46202 204 204 204 0
-0.000787037 6.13483 0 2.52777 2.52456 0.373628 0 -2.5 0.373154 0 -2.49683 204 204 204 0
-0.000763889 6.1392 0 2.52614 2.55484 0.362483 0 -2.5 0.366601 0 -2.52841 204 204 204 0
-0.000740741 6.14356 0 2.52457 2.55805 0.351352 0 -2.5 0.356011 0 -2.53315 204 204 204 0
-0.000717593 6.14792 0 2.52305 2.51813 0.340235 0 -2.5 0.339573 0 -2.49513 204 204 204 0
-0.000694444 6.15229 0 2.52157 2.54041 0.329131 0 -2.5 0.331589 0 -2.51867 204 204 204 0
-0.000671296 6.15665 0 2.52015 2.51782 0.31804 0 -2.5 0.317746 0 -2.49769 204 204 204 0
-0.000648148 6.16101 0 2.51877 2.51374 0.306961 0 -2.5 0.306347 0 -2.495 204 204 204 0
-0.000625 6.16538 0 2.51745 2.514 0.295894 0 -2.5 0.295489 0 -2.49657 204 204 204 0
-0.000601852 6.16974 0 2.51617 2.54747 0.284839 0 -2.5 0.288382 0 -2.5311 204 204 204 0
-0.000578704 6.1741 0 2.51495 2.53019 0.273795 0 -2.5 0.275454 0 -2.51515 204 204 204 0
-0.000555555 6.17847 0 2.51377 2.54227 0.262761 0 -2.5 0.26574 0 -2.52834 204 204 204 0
-0.000532407 6.18283 0 2.51264 2.54308 0.251737 0 -2.5 0.254787 0 -2.53029 204 204 204 0
-0.000509259 6.18719 0 2.51156 2.52401 0.240723 0 -2.5 0.241916 0 -2.51239 204 204 204 0
-0.000486111 6.19156 0 2.51053 2.50697 0.229717 0 -2.5 0.229391 0 -2.49645 204 204 204 0
-0.000462963 6.19592 0 2.50955 2.52298 0.218721 0 -2.5 0.219892 0 -2.51338 204 204 204 0
-0.000439815 6.20028 0 2.50862 2.51699 0.207734 0 -2.5 0.208428 0 -2.50835 204 204 204 0
-0.000416667 6.20465 0 2.50773 2.51976 0.196754 0 -2.5 0.197698 0 -2.51199 204 204 204 0
-0.000393518 6.20901 0 2.50689 2.52079 0.185782 0 -2.5 0.186812 0 -2.51386 204 204 204 0
-0.00037037 6.21337 0 2.5061 2.5485 0.174817 0 -2.5 0.177774 0 -2.54229 204 204 204 0
-0.000347222 6.21774 0 2.50536 2.54293 0.163859 0 -2.5 0.166316 0 -2.53749 204 204 204 0
-0.000324074 6.2221 0 2.50467 2.54808 0.152907 0 -2.5 0.155557 0 -2.54333 204 204 204 0
-0.000300926 6.22646 0 2.50403 2.57134 0.14196 0 -2.5 0.145777 0 -2.5672 204 204 204 0
-0.000277778 6.23083 0 2.50343 2.50779 0.13102 0 -2.5 0.131248 0 -2.50435 204 204 204 0
-0.00025463 6.23519 0 2.50288 2.51482 0.120083 0 -2.5 0.120656 0 -2.51193 204 204 204 0
-0.000231481 6.23955 0 2.50238 2.53824 0.109152 0 -2.5 0.110716 0 -2.53583 204 204 204 0
-0.000208333 6.24392 0 2.50193 2.55877 0.0982251 0 -2.5 0.100457 0 -2.55679 204 204 204 0
-0.000185185 6.24828 0 2.50152 2.55468 0.0873018 0 -2.5 0.0891569 0 -2.55312 204 204 204 0
-0.000162037 6.25264 0 2.50117 2.52499 0.0763819 0 -2.5 0.0771094 0 -2.52381 204 204 204 0
-0.000138889 6.25701 0 2.50086 2.51858 0.0654648 0 -2.5 0.0659287 0 -2.51772 204 204 204 0
-0.000115741 6.26137 0 2.5006 2.49065 0.0545503 0 -2.5 0.0543333 0 -2.49006 204 204 204 0
-9.25925e-05 6.26573 0 2.50038 2.46433 0.0436378 0 -2.5 0.0430086 0 -2.46395 204 204 204 0
-6.94444e-05 6.2701 0 2.50021 2.49457 0.032727 0 -2.5 0.0326531 0 -2.49435 204 204 204 0
-4.62962e-05 6.27446 0 2.5001 2.50812 0.0218174 0 -2.5 0.0218875 0 -2.50803 204 204 204 0
-2.31481e-05 6.27882 0 2.50002 2.47104 0.0109081 0 -2.5 0.0107816 0 -2.47102 204 204 204 0
9.25926e-11 1.74533e-08 0 2.5 2.45272 -2.18557e-07 0 -2.5 -2.14423e-07 0 -2.45272 204 204 204 0
2.31482e-05 0.00436334 0 2.50002 2.50558 -0.0109085 0 -2.5 -0.0109328 0 -2.50556 204 204 204 0
4.62964e-05 0.00872666 0 2.5001 2.49396 -0.0218173 0 -2.5 -0.0217637 0 -2.49387 204 204 204 0
6.94445e-05 0.01309 0 2.50021 2.48685 -0.0327268 0 -2.5 -0.0325519 0 -2.48664 204 204 204 0
9.25927e-05 0.0174533 0 2.50038 2.5151 -0.0436376 0 -2.5 -0.0438945 0 -2.51472 204 204 204 0
0.000115741 0.0218166 0 2.5006 2.51915 -0.0545501 0 -2.5 -0.0549549 0 -2.51855 204 204 204 0
0.000138889 0.02618 0 2.50086 2.51527 -0.0654646 0 -2.5 -0.065842 0 -2.51441 204 204 204 0
0.000162037 0.0305433 0 2.50117 2.5547 -0.0763817 0 -2.5 -0.0780165 0 -2.55351 204 204 204 0
0.000185185 0.0349066 0 2.50152 2.5064 -0.0873022 0 -2.5 -0.0874724 0 -2.50487 204 204 204 0
0.000208333 0.0392699 0 2.50193 2.52072 -0.0982255 0 -2.5 -0.0989633 0 -2.51878 204 204 204 0
0.000231482 0.0436332 0 2.50238 2.50527 -0.109153 0 -2.5 -0.109278 0 -2.50288 204 204 204 0
0.00025463 0.0479966 0 2.50288 2.47895 -0.120084 0 -2.5 -0.118935 0 -2.47609 204 204 204 0
0.000277778 0.0523599 0 2.50343 2.52318 -0.13102 0 -2.5 -0.132053 0 -2.51972 204 204 204 0
0.000300926 0.0567232 0 2.50403 2.54154 -0.14196 0 -2.5 -0.144087 0 -2.53745 204 204 204 0
0.000324074 0.0610865 0 2.50467 2.50125 -0.152907 0 -2.5 -0.152697 0 -2.49658 204 204 204 0
0.000347222 0.0654499 0 2.50536 2.52601 -0.163859 0 -2.5 -0.165209 0 -2.5206 204 204 204 0
0.00037037 0.0698132 0 2.5061 2.5011 -0.174817 0 -2.5 -0.174468 0 -2.49501 204 204 204 0
0.000393519 0.0741765 0 2.50689 2.56777 -0.185782 0 -2.5 -0.190294 0 -2.56071 204 204 204 0
0.000416667 0.0785398 0 2.50773 2.48846 -0.196755 0 -2.5 -0.195243 0 -2.48079 204 204 204 0
0.000439815 0.0829032 0 2.50862 2.51741 -0.207734 0 -2.5 -0.208463 0 -2.50877 204 204 204 0
0.000462963 0.0872665 0 2.50955 2.54005 -0.218722 0 -2.5 -0.22138 0 -2.53039 204 204 204 0
0.000486111 0.0916298 0 2.51053 2.49542 -0.229718 0 -2.5 -0.228335 0 -2.48495 204 204 204 0
0.000509259 0.0959931 0 2.51156 2.5247 -0.240723 0 -2.5 -0.241982 0 -2.51308 204 204 204 0
0.000532407 0.100356 0 2.51264 2.54592 -0.251737 0 -2.5 -0.255071 0 -2.53311 204 204 204 0
0.000555556 0.10472 0 2.51377 2.53548 -0.26276 0 -2.5 -0.26503 0 -2.52159 204 204 204 0
0.000578704 0.109083 0 2.51495 2.56209 -0.273794 0 -2.5 -0.278927 0 -2.54686 204 204 204 0
0.000601852 0.113446 0 2.51617 2.45887 -0.284839 0 -2.5 -0.278352 0 -2.44307 204 204 204 0
0.000625 0.11781 0 2.51745 2.56517 -0.295895 0 -2.5 -0.301504 0 -2.54739 204 204 204 0
0.000648148 0.122173 0 2.51877 2.52605 -0.306962 0 -2.5 -0.307848 0 -2.50722 204 204 204 0
0.000671296 0.126536 0 2.52015 2.52516 -0.31804 0 -2.5 -0.318673 0 -2.50497 204 204 204 0
0.000694445 0.1309 0 2.52157 2.56222 -0.329131 0 -2.5 -0.334437 0 -2.5403 204 204 204 0
0.000717593 0.135263 0 2.52305 2.53105 -0.340235 0 -2.5 -0.341314 0 -2.50793 204 204 204 0
0.000740741 0.139626 0 2.52457 2.51951 -0.351352 0 -2.5 -0.350649 0 -2.49499 204 204 204 0
0.000763889 0.14399 0 2.52614 2.51174 -0.362483 0 -2.5 -0.360416 0 -2.48575 204 204 204 0
0.000787037 0.148353 0 2.52777 2.57042 -0.373627 0 -2.5 -0.379933 0 -2.54219 204 204 204 0
0.000810185 0.152716 0 2.52944 2.51336 -0.384787 0 -2.5 -0.38234 0 -2.4841 204 204 204 0
0.000833333 0.15708 0 2.53116 2.60582 -0.395961 0 -2.5 -0.40764 0 -2.57374 204 204 204 0
0.000856482 0.161443 0 2.53294 2.50881 -0.407151 0 -2.5 -0.403273 0 -2.47619 204 204 204 0
0.00087963 0.165806 0 2.53476 2.54657 -0.418357 0 -2.5 -0.420305 0 -2.51164 204 204 204 0
0.000902778 0.17017 0 2.53664 2.51745 -0.429579 0 -2.5 -0.42633 0 -2.48109 204 204 204 0
0.000925926 0.174533 0 2.53857 2.59262 -0.440818 0 -2.5 -0.450204 0 -2.55323 204 204 204 0
0.000949074 0.178896 0 2.54055 2.54997 -0.452074 0 -2.5 -0.453752 0 -2.50928 204 204 204 0
0.000972222 0.18326 0 2.54258 2.51069 -0.463348 0 -2.5 -0.457536 0 -2.46864 204 204 204 0
0.00099537 0.187623 0 2.54466 2.5623 -0.47464 0 -2.5 -0.47793 0 -2.51733 204 204 204 0
0.00101852 0.191986 0 2.54679 2.56954 -0.485951 0 -2.5 -0.49029 0 -2.52233 204 204 204 0
0.00104167 0.19635 0 2.54898 2.53269 -0.497281 0 -2.5 -0.494102 0 -2.48402 204 204 204 0
0.00106481 0.200713 0 2.55122 2.57347 -0.508631 0 -2.5 -0.513066 0 -2.5218 204 204 204 0
0.00108796 0.205076 0 2.55351 2.59123 -0.520001 0 -2.5 -0.527683 0 -2.53693 204 204 204 0
0.00111111 0.20944 0 2.55585 2.66844 -0.531392 0 -2.5 -0.5548 0 -2.61013 204 204 204 0
0.00113426 0.213803 0 2.55825 2.58151 -0.542803 0 -2.5 -0.547738 0 -2.52273 204 204 204 0
0.00115741 0.218166 0 2.5607 2.57501 -0.554237 0 -2.5 -0.557333 0 -2.51397 204 204 204 0
0.00118056 0.222529 0 2.5632 2.58981 -0.565692 0 -2.5 -0.571564 0 -2.52595 204 204 204 0
0.0012037 0.226893 0 2.56576 2.58431 -0.57717 0 -2.5 -0.581344 0 -2.51808 204 204 204 0
0.00122685 0.231256 0 2.56837 2.62813 -0.588672 0 -2.5 -0.602367 0 -2.55816 204 204 204 0
0.00125 0.235619 0 2.57104 2.6172 -0.600197 0 -2.5 -0.610973 0 -2.54488 204 204 204 0
0.00127315 0.239983 0 2.57376 2.59826 -0.611746 0 -2.5 -0.617569 0 -2.5238 204 204 204 0
0.0012963 0.244346 0 2.57653 2.62407 -0.62332 0 -2.5 -0.63482 0 -2.54612 204 204 204 0
0.00131944 0.248709 0 2.57936 2.61715 -0.634919 0 -2.5 -0.644221 0 -2.53662 204 204 204 0
0.00134259 0.253073 0 2.58225 2.61049 -0.646544 0 -2.5 -0.653614 0 -2.52734 204 204 204 0
0.00136574 0.257436 0 2.58519 2.59879 -0.658195 0 -2.5 -0.661657 0 -2.51315 204 204 204 0
0.00138889 0.261799 0 2.58819 2.59419 -0.669873 0 -2.5 -0.671425 0 -2.50579 204 204 204 0
0.00141204 0.266163 0 2.59124 2.59156 -0.681578 0 -2.5 -0.681661 0 -2.5003 204 204 204 0
0.00143519 0.270526 0 2.59436 2.60378 -0.693311 0 -2.5 -0.695829 0 -2.50908 204 204 204 0
0.00145833 0.274889 0 2.59752 2.65197 -0.705073 0 -2.5 -0.719851 0 -2.5524 204 204 204 0
0.00148148 0.279253 0 2.60075 2.61987 -0.716863 0 -2.5 -0.722134 0 -2.51838 204 204 204 0
0.00150463 0.283616 0 2.60403 2.59786 -0.728683 0 -2.5 -0.726957 0 -2.49408 204 204 204 0
0.00152778 0.287979 0 2.60737 2.5671 -0.740534 0 -2.5 -0.729097 0 -2.46139 204 204 204 0
0.00155093 0.292343 0 2.61077 2.58928 -0.752415 0 -2.5 -0.746222 0 -2.47942 204 204 204 0
0.00157407 0.296706 0 2.61423 2.70191 -0.764327 0 -2.5 -0.789963 0 -2.58385 204 204 204 0
0.00159722 0.301069 0 2.61775 2.63851 -0.776271 0 -2.5 -0.782428 0 -2.51983 204 204 204 0
0.00162037 0.305433 0 2.62132 2.63571 -0.788247 0 -2.5 -0.792575 0 -2.51373 204 204 204 0
0.00164352 0.309796 0 2.62496 2.65421 -0.800256 0 -2.5 -0.809174 0 -2.52786 204 204 204 0
0.00166667 0.314159 0 2.62866 2.66917 -0.812299 0 -2.5 -0.824819 0 -2.53853 204 204 204 0
0.00168981 0.318523 0 2.63241 2.66139 -0.824376 0 -2.5 -0.833452 0 -2.52752 204 204 204 0
0.00171296 0.322886 0 2.63623 2.62469 -0.836488 0 -2.5 -0.832825 0 -2.48905 204 204 204 0
0.00173611 0.327249 0 2.64011 2.63468 -0.848635 0 -2.5 -0.846889 0 -2.49485 204 204 204 0
0.00175926 0.331613 0 2.64405 2.6596 -0.860819 0 -2.5 -0.865882 0 -2.5147 204 204 204 0
0.00178241 0.335976 0 2.64806 2.66715 -0.873039 0 -2.5 -0.879335 0 -2.51803 204 204 204 0
0.00180556 0.340339 0 2.65212 2.72618 -0.885297 0 -2.5 -0.910019 0 -2.56981 204 204 204 0
0.0018287 0.344703 0 2.65625 2.63289 -0.897592 0 -2.5 -0.889697 0 -2.47801 204 204 204 0
0.00185185 0.349066 0 2.66044 2.70282 -0.909926 0 -2.5 -0.92442 0 -2.53982 204 204 204 0
0.001875 0.353429 0 2.6647 2.68519 -0.922299 0 -2.5 -0.929389 0 -2.51922 204 204 204 0
0.00189815 0.357793 0 2.66902 2.68575 -0.934712 0 -2.5 -0.940569 0 -2.51567 204 204 204 0
0.0019213 0.362156 0 2.67341 2.68537 -0.947165 0 -2.5 -0.951401 0 -2.51118 204 204 204 0
0.00194444 0.366519 0 2.67786 2.6783 -0.95966 0 -2.5 -0.959816 0 -2.50041 204 204 204 0
0.00196759 0.370882 0 2.68238 2.72544 -0.972197 0 -2.5 -0.987805 0 -2.54014 204 204 204 0
0.00199074 0.375246 0 2.68697 2.71013 -0.984776 0 -2.5 -0.993265 0 -2.52155 204 204 204 0
0.00201389 0.379609 0 2.69162 2.69849 -0.997399 0 -2.5 -0.999946 0 -2.50638 204 204 204 0
0.00203704 0.383972 0 2.69634 2.71555 -1.01007 0 -2.5 -1.01726 0 -2.51782 204 204 204 0
0.00206019 0.388336 0 2.70112 2.71149 -1.02278 0 -2.5 -1.0267 0 -2.50959 204 204 204 0
0.00208333 0.392699 0 2.70598 2.73916 -1.03553 0 -2.5 -1.04823 0 -2.53066 204 204 204 0
0.00210648 0.397062 0 2.71091 2.71161 -1.04834 0 -2.5 -1.04861 0 -2.50065 204 204 204 0
0.00212963 0.401426 0 2.7159 2.71066 -1.06119 0 -2.5 -1.05914 0 -2.49517 204 204 204 0
0.00215278 0.405789 0 2.72097 2.78051 -1.07408 0 -2.5 -1.09759 0 -2.5547 204 204 204 0
0.00217593 0.410152 0 2.7261 2.77384 -1.08703 0 -2.5 -1.10607 0 -2.54378 204 204 204 0
0.00219907 0.414516 0 2.73131 2.70768 -1.10003 0 -2.5 -1.09051 0 -2.47837 204 204 204 0
0.00222222 0.418879 0 2.73659 2.75176 -1.11307 0 -2.5 -1.11924 0 -2.51386 204 204 204 0
0.00224537 0.423242 0 2.74194 2.78379 -1.12617 0 -2.5 -1.14335 0 -2.53815 204 204 204 0
0.00226852 0.427606 0 2.74737 2.72286 -1.13932 0 -2.5 -1.12915 0 -2.47769 204 204 204 0
0.00229167 0.431969 0 2.75287 2.75625 -1.15252 0 -2.5 -1.15393 0 -2.50307 204 204 204 0
0.00231481 0.436332 0 2.75845 2.78844 -1.16577 0 -2.5 -1.17845 0 -2.52719 204 204 204 0
0.00233796 0.440696 0 2.7641 2.76437 -1.17908 0 -2.5 -1.17919 0 -2.50025 204 204 204 0
0.00236111 0.445059 0 2.76982 2.78034 -1.19244 0 -2.5 -1.19697 0 -2.50949 204 204 204 0
0.00238426 0.449422 0 2.77562 2.81412 -1.20586 0 -2.5 -1.22258 0 -2.53467 204 204 204 0
0.00240741 0.453786 0 2.7815 2.77675 -1.21933 0 -2.5 -1.21724 0 -2.49572 204 204 204 0
0.00243056 0.458149 0 2.78746 2.81298 -1.23286 0 -2.5 -1.24415 0 -2.52288 204 204 204 0
0.0024537 0.462512 0 2.7935 2.74107 -1.24645 0 -2.5 -1.22306 0 -2.45307 204 204 204 0
0.00247685 0.466876 0 2.79962 2.83448 -1.2601 0 -2.5 -1.2758 0 -2.53113 204 204 204 0
0.0025 0.471239 0 2.80582 2.7827 -1.27381 0 -2.5 -1.26332 0 -2.4794 204 204 204 0
0.00252315 0.475602 0 2.81209 2.83001 -1.28758 0 -2.5 -1.29579 0 -2.51592 204 204 204 0
0.0025463 0.479966 0 2.81845 2.83536 -1.30142 0 -2.5 -1.30923 0 -2.515 204 204 204 0
0.00256944 0.484329 0 2.8249 2.80274 -1.31531 0 -2.5 -1.305 0 -2.48039 204 204 204 0
0.00259259 0.488692 0 2.83143 2.83409 -1.32927 0 -2.5 -1.33053 0 -2.50235 204 204 204 0
0.00261574 0.493056 0 2.83804 2.81982 -1.3433 0 -2.5 -1.33468 0 -2.48396 204 204 204 0
0.00263889 0.497419 0 2.84473 2.87911 -1.35739 0 -2.5 -1.37379 0 -2.53021 204 204 204 0
0.00266204 0.501782 0 2.85152 2.87636 -1.37155 0 -2.5 -1.3835 0 -2.52178 204 204 204 0
0.00268519 0.506146 0 2.85839 2.87918 -1.38577 0 -2.5 -1.39586 0 -2.51819 204 204 204 0
0.00270833 0.510509 0 2.86534 2.8862 -1.40007 0 -2.5 -1.41026 0 -2.5182 204 204 204 0
0.00273148 0.514872 0 2.87239 2.87238 -1.41443 0 -2.5 -1.41443 0 -2.5 204 204 204 0
0.00275463 0.519235 0 2.87952 2.85207 -1.42887 0 -2.5 -1.41524 0 -2.47616 204 204 204 0
0.00277778 0.523599 0 2.88675 2.88345 -1.44338 0 -2.5 -1.44173 0 -2.49714 204 204 204 0
0.00280093 0.527962 0 2.89407 2.91684 -1.45796 0 -2.5 -1.46943 0 -2.51967 204 204 204 0
0.00282407 0.532325 0 2.90148 2.96399 -1.47261 0 -2.5 -1.50434 0 -2.55386 204 204 204 0
0.00284722 0.536689 0 2.90898 2.92923 -1.48734 0 -2.5 -1.49769 0 -2.5174 204 204 204 0
0.00287037 0.541052 0 2.91658 2.90271 -1.50215 0 -2.5 -1.49501 0 -2.48811 204 204 204 0
0.00289352 0.545415 0 2.92428 2.8781 -1.51704 0 -2.5 -1.49308 0 -2.46052 204 204 204 0
0.00291667 0.549779 0 2.93207 2.92698 -1.532 0 -2.5 -1.52934 0 -2.49566 204 204 204 0
0.00293981 0.554142 0 2.93996 2.91659 -1.54705 0 -2.5 -1.53475 0 -2.48013 204 204 204 0
0.00296296 0.558505 0 2.94795 2.95788 -1.56217 0 -2.5 -1.56744 0 -2.50842 204 204 204 0
0.00298611 0.562869 0 2.95603 2.95966 -1.57738 0 -2.5 -1.57932 0 -2.50306 204 204 204 0
0.00300926 0.567232 0 2.96422 3.00753 -1.59268 0 -2.5 -1.61594 0 -2.53652 204 204 204 0
0.00303241 0.571595 0 2.97251 3.00163 -1.60805 0 -2.5 -1.6238 0 -2.52449 204 204 204 0
0.00305556 0.575959 0 2.98091 2.93985 -1.62352 0 -2.5 -1.60116 0 -2.46556 204 204 204 0
0.0030787 0.580322 0 2.98941 2.97688 -1.63907 0 -2.5 -1.63221 0 -2.48953 204 204 204 0
0.00310185 0.584685 0 2.99801 3.02131 -1.65471 0 -2.5 -1.66757 0 -2.51943 204 204 204 0
0.003125 0.589049 0 3.00672 2.99317 -1.67045 0 -2.5 -1.66292 0 -2.48873 204 204 204 0
0.00314815 0.593412 0 3.01554 3.04912 -1.68627 0 -2.5 -1.70504 0 -2.52783 204 204 204 0
0.0031713 0.597775 0 3.02447 3.06031 -1.70219 0 -2.5 -1.72236 0 -2.52962 204 204 204 0
0.00319444 0.602139 0 3.03352 3.00724 -1.7182 0 -2.5 -1.70332 0 -2.47835 204 204 204 0
0.00321759 0.606502 0 3.04267 3.02274 -1.73431 0 -2.5 -1.72295 0 -2.48362 204 204 204 0
0.00324074 0.610865 0 3.05194 3.06253 -1.75052 0 -2.5 -1.7566 0 -2.50868 204 204 204 0
0.00326389 0.615229 0 3.06132 3.09325 -1.76683 0 -2.5 -1.78525 0 -2.52608 204 204 204 0
0.00328704 0.619592 0 3.07082 3.15476 -1.78323 0 -2.5 -1.83198 0 -2.56834 204 204 204 0
0.00331019 0.623955 0 3.08043 3.1507 -1.79974 0 -2.5 -1.8408 0 -2.55703 204 204 204 0
0.00333333 0.628319 0 3.09017 3.0721 -1.81636 0 -2.5 -1.80573 0 -2.48538 204 204 204 0
0.00335648 0.632682 0 3.10003 3.14821 -1.83308 0 -2.5 -1.86157 0 -2.53886 204 204 204 0
0.00337963 0.637045 0 3.11001 3.14923 -1.8499 0 -2.5 -1.87323 0 -2.53153 204 204 204 0
0.00340278 0.641409 0 3.12011 3.15871 -1.86684 0 -2.5 -1.88993 0 -2.53093 204 204 204 0
0.00342593 0.645772 0 3.13034 3.15411 -1.88389 0 -2.5 -1.89819 0 -2.51899 204 204 204 0
0.00344907 0.650135 0 3.1407 3.09542 -1.90104 0 -2.5 -1.87364 0 -2.46396 204 204 204 0
0.00347222 0.654498 0 3.15118 3.13394 -1.91832 0 -2.5 -1.90782 0 -2.48632 204 204 204 0
0.00349537 0.658862 0 3.1618 3.19131 -1.93571 0 -2.5 -1.95377 0 -2.52333 204 204 204 0
0.00351852 0.663225 0 3.17254 3.13335 -1.95321 0 -2.5 -1.92908 0 -2.46911 204 204 204 0
0.00354167 0.667588 0 3.18343 3.22858 -1.97084 0 -2.5 -1.99879 0 -2.53546 204 204 204 0
0.00356481 0.671952 0 3.19445 3.24774 -1.98859 0 -2.5 -2.02177 0 -2.54171 204 204 204 0
0.00358796 0.676315 0 3.2056 3.23103 -2.00646 0 -2.5 -2.02238 0 -2.51983 204 204 204 0
0.00361111 0.680678 0 3.2169 3.24848 -2.02446 0 -2.5 -2.04433 0 -2.52454 204 204 204 0
0.00363426 0.685042 0 3.22834 3.2005 -2.04259 0 -2.5 -2.02497 0 -2.47844 204 204 204 0
0.00365741 0.689405 0 3.23992 3.25823 -2.06084 0 -2.5 -2.07249 0 -2.51413 204 204 204 0
0.00368056 0.693768 0 3.25164 3.30854 -2.07923 0 -2.5 -2.11561 0 -2.54374 204 204 204 0
0.0037037 0.698132 0 3.26352 3.26645 -2.09775 0 -2.5 -2.09963 0 -2.50225 204 204 204 0
0.00372685 0.702495 0 3.27554 3.29033 -2.11641 0 -2.5 -2.12596 0 -2.51129 204 204 204 0
0.00375 0.706858 0 3.28772 3.28539 -2.1352 0 -2.5 -2.13369 0 -2.49823 204 204 204 0
0.00377315 0.711222 0 3.30005 3.3979 -2.15414 0 -2.5 -2.21801 0 -2.57413 204 204 204 0
0.0037963 0.715585 0 3.31253 3.32867 -2.17322 0 -2.5 -2.1838 0 -2.51218 204 204 204 0
0.00381944 0.719948 0 3.32518 3.25531 -2.19244 0 -2.5 -2.14638 0 -2.44748 204 204 204 0
0.00384259 0.724312 0 3.33798 3.35522 -2.21181 0 -2.5 -2.22323 0 -2.51291 204 204 204 0
0.00386574 0.728675 0 3.35095 3.34449 -2.23134 0 -2.5 -2.22703 0 -2.49518 204 204 204 0
0.00388889 0.733038 0 3.36408 3.3862 -2.25101 0 -2.5 -2.26581 0 -2.51644 204 204 204 0
0.00391204 0.737402 0 3.37738 3.41065 -2.27084 0 -2.5 -2.29321 0 -2.52463 204 204 204 0
0.00393519 0.741765 0 3.39085 3.40487 -2.29083 0 -2.5 -2.3003 0 -2.51034 204 204 204 0
0.00395833 0.746128 0 3.4045 3.40057 -2.31098 0 -2.5 -2.30831 0 -2.49712 204 204 204 0
0.00398148 0.750492 0 3.41832 3.4177 -2.33129 0 -2.5 -2.33086 0 -2.49954 204 204 204 0
0.00400463 0.754855 0 3.43232 3.44855 -2.35177 0 -2.5 -2.36289 0 -2.51183 204 204 204 0
0.00402778 0.759218 0 3.4465 3.42584 -2.37241 0 -2.5 -2.35819 0 -2.48502 204 204 204 0
0.00405093 0.763582 0 3.46086 3.48415 -2.39323 0 -2.5 -2.40933 0 -2.51682 204 204 204 0
0.00407407 0.767945 0 3.47541 3.46776 -2.41422 0 -2.5 -2.40891 0 -2.4945 204 204 204 0
0.00409722 0.772308 0 3.49015 3.5096 -2.43539 0 -2.5 -2.44897 0 -2.51394 204 204 204 0
0.00412037 0.776672 0 3.50508 3.55447 -2.45674 0 -2.5 -2.49136 0 -2.53523 204 204 204 0
0.00414352 0.781035 0 3.52021 3.51854 -2.47828 0 -2.5 -2.4771 0 -2.49882 204 204 204 0
0.00416667 0.785398 0 3.53553 3.56286 -2.5 0 -2.5 -2.51932 0 -2.51933 204 204 204 0
0.00418981 0.789762 0 3.52021 3.51793 -2.5 0 -2.47828 -2.49838 0 -2.47668 204 204 204 0
0.00421296 0.794125 0 3.50508 3.52817 -2.5 0 -2.45674 -2.51647 0 -2.47292 204 204 204 0
0.00423611 0.798488 0 3.49015 3.51119 -2.5 0 -2.43539 -2.51507 0 -2.45008 204 204 204 0
0.00425926 0.802851 0 3.47541 3.50661 -2.5 0 -2.41422 -2.52245 0 -2.4359 204 204 204 0
0.00428241 0.807215 0 3.46086 3.52841 -2.5 0 -2.39323 -2.5488 0 -2.43994 204 204 204 0
0.00430556 0.811578 0 3.4465 3.433 -2.5 0 -2.37241 -2.49021 0 -2.36312 204 204 204 0
0.0043287 0.815941 0 3.43232 3.47418 -2.5 0 -2.35177 -2.53049 0 -2.38045 204 204 204 0
0.00435185 0.820305 0 3.41832 3.42842 -2.5 0 -2.33129 -2.50739 0 -2.33818 204 204 204 0
0.004375 0.824668 0 3.4045 3.40818 -2.5 0 -2.31098 -2.50271 0 -2.31348 204 204 204 0
0.00439815 0.829031 0 3.39085 3.41703 -2.5 0 -2.29083 -2.5193 0 -2.30851 204 204 204 0
0.0044213 0.833395 0 3.37738 3.39565 -2.5 0 -2.27084 -2.51352 0 -2.28312 204 204 204 0
0.00444444 0.837758 0 3.36408 3.33576 -2.5 0 -2.25101 -2.47896 0 -2.23206 204 204 204 0
0.00446759 0.842121 0 3.35095 3.38824 -2.5 0 -2.23133 -2.52783 0 -2.25617 204 204 204 0
0.00449074 0.846485 0 3.33798 3.35527 -2.5 0 -2.21181 -2.51295 0 -2.22327 204 204 204 0
0.00451389 0.850848 0 3.32518 3.31525 -2.5 0 -2.19244 -2.49254 0 -2.1859 204 204 204 0
0.00453704 0.855211 0 3.31253 3.3495 -2.5 0 -2.17322 -2.5279 0 -2.19747 204 204 204 0
0.00456019 0.859575 0 3.30005 3.35229 -2.5 0 -2.15414 -2.53958 0 -2.18824 204 204 204 0
0.00458333 0.863938 0 3.28772 3.36872 -2.5 0 -2.1352 -2.5616 0 -2.18781 204 204 204 0
0.00460648 0.868301 0 3.27554 3.29471 -2.5 0 -2.11641 -2.51463 0 -2.12879 204 204 204 0
0.00462963 0.872665 0 3.26352 3.22931 -2.5 0 -2.09775 -2.47379 0 -2.07576 204 204 204 0
0.00465278 0.877028 0 3.25164 3.29642 -2.5 0 -2.07923 -2.53442 0 -2.10786 204 204 204 0
0.00467593 0.881391 0 3.23992 3.29342 -2.5 0 -2.06084 -2.54128 0 -2.09487 204 204 204 0
0.00469907 0.885755 0 3.22834 3.26222 -2.5 0 -2.04259 -2.52624 0 -2.06402 204 204 204 0
0.00472222 0.890118 0 3.2169 3.24633 -2.5 0 -2.02446 -2.52287 0 -2.04298 204 204 204 0
0.00474537 0.894481 0 3.2056 3.20469 -2.5 0 -2.00646 -2.49929 0 -2.00589 204 204 204 0
0.00476852 0.898845 0 3.19445 3.19092 -2.5 0 -1.98859 -2.49724 0 -1.9864 204 204 204 0
0.00479167 0.903208 0 3.18343 3.16159 -2.5 0 -1.97084 -2.48285 0 -1.95732 204 204 204 0
0.00481481 0.907571 0 3.17255 3.16907 -2.5 0 -1.95321 -2.49726 0 -1.95108 204 204 204 0
0.00483796 0.911935 0 3.1618 3.15294 -2.5 0 -1.93571 -2.493 0 -1.93029 204 204 204 0
0.00486111 0.916298 0 3.15118 3.14879 -2.5 0 -1.91832 -2.4981 0 -1.91686 204 204 204 0
0.00488426 0.920661 0 3.1407 3.15001 -2.5 0 -1.90104 -2.50741 0 -1.90668 204 204 204 0
0.00490741 0.925025 0 3.13034 3.16762 -2.5 0 -1.88389 -2.52977 0 -1.90632 204 204 204 0
0.00493056 0.929388 0 3.12011 3.11016 -2.5 0 -1.86684 -2.49203 0 -1.86088 204 204 204 0
0.0049537 0.933751 0 3.11001 3.09332 -2.5 0 -1.8499 -2.48659 0 -1.83998 204 204 204 0
0.00497685 0.938114 0 3.10003 3.12602 -2.5 0 -1.83308 -2.52096 0 -1.84845 204 204 204 0
0.005 0.942478 0 3.09017 3.04236 -2.5 0 -1.81636 -2.46132 0 -1.78825 204 204 204 0
0.00502315 0.946841 0 3.08043 3.11054 -2.5 0 -1.79974 -2.52444 0 -1.81733 204 204 204 0
0.0050463 0.951204 0 3.07082 3.06273 -2.5 0 -1.78323 -2.49342 0 -1.77854 204 204 204 0
0.00506944 0.955568 0 3.06132 3.09911 -2.5 0 -1.76683 -2.53086 0 -1.78864 204 204 204 0
0.00509259 0.959931 0 3.05194 3.0589 -2.5 0 -1.75052 -2.5057 0 -1.75451 204 204 204 0
0.00511574 0.964294 0 3.04267 3.09915 -2.5 0 -1.73431 -2.54641 0 -1.76651 204 204 204 0
0.00513889 0.968658 0 3.03352 3.06278 -2.5 0 -1.7182 -2.52412 0 -1.73478 204 204 204 0
0.00516204 0.973021 0 3.02448 3.04167 -2.5 0 -1.70219 -2.51421 0 -1.71187 204 204 204 0
0.00518519 0.977384 0 3.01554 3.05953 -2.5 0 -1.68627 -2.53646 0 -1.71087 204 204 204 0
0.00520833 0.981748 0 3.00672 3.06044 -2.5 0 -1.67045 -2.54467 0 -1.70029 204 204 204 0
0.00523148 0.986111 0 2.99801 3.03145 -2.5 0 -1.65471 -2.52788 0 -1.67317 204 204 204 0
0.00525463 0.990474 0 2.98941 3.01882 -2.5 0 -1.63907 -2.5246 0 -1.6552 204 204 204 0
0.00527778 0.994838 0 2.98091 2.96044 -2.5 0 -1.62352 -2.48284 0 -1.61237 204 204 204 0
0.00530093 0.999201 0 2.97251 2.99822 -2.5 0 -1.60805 -2.52162 0 -1.62196 204 204 204 0
0.00532407 1.00356 0 2.96422 2.93419 -2.5 0 -1.59268 -2.47467 0 -1.57654 204 204 204 0
0.00534722 1.00793 0 2.95603 3.0367 -2.5 0 -1.57738 -2.56822 0 -1.62043 204 204 204 0
0.00537037 1.01229 0 2.94795 2.98382 -2.5 0 -1.56217 -2.53042 0 -1.58119 204 204 204 0
0.00539352 1.01665 0 2.93996 2.97384 -2.5 0 -1.54705 -2.52881 0 -1.56488 204 204 204 0
0.00541667 1.02102 0 2.93207 2.95246 -2.5 0 -1.532 -2.51739 0 -1.54266 204 204 204 0
0.00543981 1.02538 0 2.92428 2.91077 -2.5 0 -1.51704 -2.48846 0 -1.51003 204 204 204 0
0.00546296 1.02974 0 2.91658 2.9368 -2.5 0 -1.50215 -2.51733 0 -1.51256 204 204 204 0
0.00548611 1.03411 0 2.90898 2.93638 -2.5 0 -1.48734 -2.52354 0 -1.50135 204 204 204 0
0.00550926 1.03847 0 2.90148 2.96527 -2.5 0 -1.47261 -2.55497 0 -1.50499 204 204 204 0
0.00553241 1.04283 0 2.89407 2.87301 -2.5 0 -1.45796 -2.48181 0 -1.44735 204 204 204 0
0.00555556 1.0472 0 2.88675 2.91646 -2.5 0 -1.44338 -2.52573 0 -1.45823 204 204 204 0
0.0055787 1.05156 0 2.87953 2.88772 -2.5 0 -1.42887 -2.50711 0 -1.43293 204 204 204 0
0.00560185 1.05592 0 2.87239 2.86968 -2.5 0 -1.41443 -2.49764 0 -1.4131 204 204 204 0
0.005625 1.06029 0 2.86534 2.85179 -2.5 0 -1.40007 -2.48818 0 -1.39345 204 204 204 0
0.00564815 1.06465 0 2.85839 2.83849 -2.5 0 -1.38577 -2.4826 0 -1.37613 204 204 204 0
0.0056713 1.06901 0 2.85152 2.85301 -2.5 0 -1.37155 -2.50131 0 -1.37226 204 204 204 0
0.00569444 1.07338 0 2.84473 2.88589 -2.5 0 -1.35739 -2.53617 0 -1.37703 204 204 204 0
0.00571759 1.07774 0 2.83804 2.87082 -2.5 0 -1.3433 -2.52888 0 -1.35881 204 204 204 0
0.00574074 1.0821 0 2.83143 2.85688 -2.5 0 -1.32927 -2.52247 0 -1.34122 204 204 204 0
0.00576389 1.08647 0 2.8249 2.83861 -2.5 0 -1.31531 -2.51213 0 -1.3217 204 204 204 0
0.00578704 1.09083 0 2.81846 2.82628 -2.5 0 -1.30142 -2.50694 0 -1.30503 204 204 204 0
0.00581019 1.09519 0 2.81209 2.76243 -2.5 0 -1.28758 -2.45585 0 -1.26484 204 204 204 0
0.00583333 1.09956 0 2.80582 2.81796 -2.5 0 -1.27381 -2.51082 0 -1.27933 204 204 204 0
0.00585648 1.10392 0 2.79962 2.84707 -2.5 0 -1.2601 -2.54237 0 -1.28146 204 204 204 0
0.00587963 1.10828 0 2.7935 2.79887 -2.5 0 -1.24645 -2.5048 0 -1.24885 204 204 204 0
0.00590278 1.11265 0 2.78746 2.79183 -2.5 0 -1.23286 -2.50392 0 -1.2348 204 204 204 0
0.00592593 1.11701 0 2.7815 2.80385 -2.5 0 -1.21933 -2.52008 0 -1.22913 204 204 204 0
0.00594907 1.12137 0 2.77562 2.75417 -2.5 0 -1.20586 -2.48067 0 -1.19653 204 204 204 0
0.00597222 1.12574 0 2.76982 2.79088 -2.5 0 -1.19244 -2.51901 0 -1.20151 204 204 204 0
0.00599537 1.1301 0 2.7641 2.76158 -2.5 0 -1.17908 -2.49772 0 -1.178 204 204 204 0
0.00601852 1.13446 0 2.75844 2.77051 -2.5 0 -1.16577 -2.51093 0 -1.17087 204 204 204 0
0.00604167 1.13883 0 2.75287 2.74842 -2.5 0 -1.15252 -2.49596 0 -1.15065 204 204 204 0
0.00606481 1.14319 0 2.74737 2.74469 -2.5 0 -1.13932 -2.49756 0 -1.1382 204 204 204 0
0.00608796 1.14755 0 2.74194 2.77861 -2.5 0 -1.12617 -2.53343 0 -1.14123 204 204 204 0
0.00611111 1.15192 0 2.73659 2.74248 -2.5 0 -1.11307 -2.50538 0 -1.11547 204 204 204 0
0.00613426 1.15628 0 2.73131 2.73447 -2.5 0 -1.10003 -2.50289 0 -1.1013 204 204 204 0
0.00615741 1.16064 0 2.7261 2.76599 -2.5 0 -1.08703 -2.53658 0 -1.10293 204 204 204 0
0.00618056 1.16501 0 2.72097 2.80757 -2.5 0 -1.07408 -2.57957 0 -1.10827 204 204 204 0
0.0062037 1.16937 0 2.7159 2.74476 -2.5 0 -1.06119 -2.52656 0 -1.07246 204 204 204 0
0.00622685 1.17373 0 2.71091 2.72008 -2.5 0 -1.04834 -2.50846 0 -1.05188 204 204 204 0
0.00625 1.1781 0 2.70598 2.71221 -2.5 0 -1.03553 -2.50575 0 -1.03792 204 204 204 0
0.00627315 1.18246 0 2.70112 2.72079 -2.5 0 -1.02278 -2.5182 0 -1.03022 204 204 204 0
0.0062963 1.18682 0 2.69634 2.64976 -2.5 0 -1.01007 -2.45681 0 -0.992617 204 204 204 0
0.00631944 1.19119 0 2.69162 2.70081 -2.5 0 -0.997399 -2.50854 0 -1.00081 204 204 204 0
0.00634259 1.19555 0 2.68697 2.71579 -2.5 0 -0.984776 -2.52682 0 -0.995339 204 204 204 0
0.00636574 1.19991 0 2.68238 2.64586 -2.5 0 -0.972197 -2.46596 0 -0.95896 204 204 204 0
0.00638889 1.20428 0 2.67786 2.66621 -2.5 0 -0.95966 -2.48912 0 -0.955485 204 204 204 0
0.00641204 1.20864 0 2.67341 2.69212 -2.5 0 -0.947165 -2.5175 0 -0.953794 204 204 204 0
0.00643519 1.213 0 2.66902 2.75215 -2.5 0 -0.934711 -2.57786 0 -0.963822 204 204 204 0
0.00645833 1.21737 0 2.6647 2.73787 -2.5 0 -0.922299 -2.56864 0 -0.947623 204 204 204 0
0.00648148 1.22173 0 2.66044 2.71049 -2.5 0 -0.909925 -2.54703 0 -0.927041 204 204 204 0
0.00650463 1.22609 0 2.65625 2.67425 -2.5 0 -0.897592 -2.51694 0 -0.903674 204 204 204 0
0.00652778 1.23046 0 2.65212 2.65222 -2.5 0 -0.885296 -2.50009 0 -0.885329 204 204 204 0
0.00655093 1.23482 0 2.64805 2.62357 -2.5 0 -0.873038 -2.47689 0 -0.864967 204 204 204 0
0.00657407 1.23918 0 2.64405 2.6354 -2.5 0 -0.860819 -2.49182 0 -0.858003 204 204 204 0
0.00659722 1.24355 0 2.64011 2.66774 -2.5 0 -0.848635 -2.52616 0 -0.857515 204 204 204 0
0.00662037 1.24791 0 2.63623 2.66834 -2.5 0 -0.836489 -2.53045 0 -0.846677 204 204 204 0
0.00664352 1.25227 0 2.63241 2.64724 -2.5 0 -0.824376 -2.51408 0 -0.829018 204 204 204 0
0.00666667 1.25664 0 2.62866 2.62164 -2.5 0 -0.8123 -2.49333 0 -0.810132 204 204 204 0
0.00668981 1.261 0 2.62496 2.60343 -2.5 0 -0.800256 -2.4795 0 -0.793693 204 204 204 0
0.00671296 1.26536 0 2.62132 2.66419 -2.5 0 -0.788247 -2.54088 0 -0.801139 204 204 204 0
0.00673611 1.26973 0 2.61775 2.64779 -2.5 0 -0.776271 -2.52869 0 -0.78518 204 204 204 0
0.00675926 1.27409 0 2.61423 2.69624 -2.5 0 -0.764327 -2.57843 0 -0.788306 204 204 204 0
0.00678241 1.27845 0 2.61077 2.60961 -2.5 0 -0.752415 -2.49889 0 -0.752079 204 204 204 0
0.00680556 1.28282 0 2.60737 2.62237 -2.5 0 -0.740533 -2.51438 0 -0.744792 204 204 204 0
0.0068287 1.28718 0 2.60403 2.60812 -2.5 0 -0.728684 -2.50393 0 -0.729829 204 204 204 0
0.00685185 1.29154 0 2.60075 2.58321 -2.5 0 -0.716863 -2.48314 0 -0.712029 204 204 204 0
0.006875 1.29591 0 2.59752 2.65356 -2.5 0 -0.705073 -2.55393 0 -0.720284 204 204 204 0
0.00689815 1.30027 0 2.59436 2.57573 -2.5 0 -0.693311 -2.48205 0 -0.688333 204 204 204 0
0.0069213 1.30463 0 2.59124 2.60267 -2.5 0 -0.681579 -2.51102 0 -0.684583 204 204 204 0
0.00694444 1.309 0 2.58819 2.6304 -2.5 0 -0.669873 -2.54077 0 -0.680798 204 204 204 0
0.00696759 1.31336 0 2.58519 2.5845 -2.5 0 -0.658196 -2.49933 0 -0.658019 204 204 204 0
0.00699074 1.31772 0 2.58225 2.58379 -2.5 0 -0.646544 -2.50149 0 -0.646929 204 204 204 0
0.00701389 1.32209 0 2.57936 2.63213 -2.5 0 -0.634919 -2.55114 0 -0.647906 204 204 204 0
0.00703704 1.32645 0 2.57653 2.59754 -2.5 0 -0.62332 -2.52038 0 -0.628401 204 204 204 0
0.00706019 1.33081 0 2.57376 2.58719 -2.5 0 -0.611746 -2.51305 0 -0.614939 204 204 204 0
0.00708333 1.33518 0 2.57104 2.63664 -2.5 0 -0.600197 -2.56379 0 -0.615511 204 204 204 0
0.00710648 1.33954 0 2.56837 2.60157 -2.5 0 -0.588672 -2.53232 0 -0.596281 204 204 204 0
0.00712963 1.3439 0 2.56576 2.6012 -2.5 0 -0.577171 -2.53453 0 -0.585143 204 204 204 0
0.00715278 1.34827 0 2.5632 2.54974 -2.5 0 -0.565692 -2.48687 0 -0.562721 204 204 204 0
0.00717593 1.35263 0 2.5607 2.56287 -2.5 0 -0.554237 -2.50212 0 -0.554708 204 204 204 0
0.00719907 1.35699 0 2.55825 2.55385 -2.5 0 -0.542803 -2.49571 0 -0.541871 204 204 204 0
0.00722222 1.36136 0 2.55585 2.5744 -2.5 0 -0.531391 -2.51815 0 -0.535248 204 204 204 0
0.00724537 1.36572 0 2.55351 2.56792 -2.5 0 -0.520001 -2.51411 0 -0.522936 204 204 204 0
0.00726852 1.37008 0 2.55122 2.58471 -2.5 0 -0.50863 -2.53282 0 -0.515307 204 204 204 0
0.00729167 1.37445 0 2.54898 2.50521 -2.5 0 -0.497281 -2.45708 0 -0.488743 204 204 204 0
0.00731481 1.37881 0 2.54679 2.58615 -2.5 0 -0.48595 -2.53863 0 -0.493459 204 204 204 0
0.00733796 1.38317 0 2.54466 2.55948 -2.5 0 -0.47464 -2.51456 0 -0.477405 204 204 204 0
0.00736111 1.38754 0 2.54258 2.55043 -2.5 0 -0.463347 -2.50773 0 -0.464779 204 204 204 0
0.00738426 1.3919 0 2.54055 2.60682 -2.5 0 -0.452074 -2.56522 0 -0.463868 204 204 204 0
0.00740741 1.39626 0 2.53857 2.59178 -2.5 0 -0.440817 -2.5524 0 -0.450058 204 204 204 0
0.00743056 1.40063 0 2.53664 2.56364 -2.5 0 -0.429579 -2.52661 0 -0.434151 204 204 204 0
0.0074537 1.40499 0 2.53476 2.55931 -2.5 0 -0.418357 -2.52421 0 -0.422408 204 204 204 0
0.00747685 1.40935 0 2.53294 2.53871 -2.5 0 -0.40715 -2.5057 0 -0.408079 204 204 204 0
0.0075 1.41372 0 2.53116 2.58252 -2.5 0 -0.395961 -2.55072 0 -0.403995 204 204 204 0
0.00752315 1.41808 0 2.52944 2.51744 -2.5 0 -0.384786 -2.48814 0 -0.382961 204 204 204 0
0.0075463 1.42244 0 2.52777 2.56293 -2.5 0 -0.373628 -2.53478 0 -0.378826 204 204 204 0
0.00756944 1.42681 0 2.52614 2.50625 -2.5 0 -0.362482 -2.48031 0 -0.359627 204 204 204 0
0.00759259 1.43117 0 2.52457 2.53737 -2.5 0 -0.351352 -2.51268 0 -0.353134 204 204 204 0
0.00761574 1.43553 0 2.52305 2.53859 -2.5 0 -0.340235 -2.5154 0 -0.342331 204 204 204 0
0.00763889 1.4399 0 2.52157 2.56337 -2.5 0 -0.329132 -2.54144 0 -0.334587 204 204 204 0
0.00766204 1.44426 0 2.52015 2.51733 -2.5 0 -0.31804 -2.49721 0 -0.317685 204 204 204 0
0.00768519 1.44862 0 2.51877 2.53321 -2.5 0 -0.306961 -2.51433 0 -0.30872 204 204 204 0
0.00770833 1.45299 0 2.51745 2.51272 -2.5 0 -0.295895 -2.4953 0 -0.295338 204 204 204 0
0.00773148 1.45735 0 2.51617 2.54985 -2.5 0 -0.284839 -2.53345 0 -0.28865 204 204 204 0
0.00775463 1.46171 0 2.51495 2.51224 -2.5 0 -0.273795 -2.4973 0 -0.2735 204 204 204 0
0.00777778 1.46608 0 2.51377 2.54927 -2.5 0 -0.26276 -2.5353 0 -0.266471 204 204 204 0
0.00780093 1.47044 0 2.51264 2.55539 -2.5 0 -0.251737 -2.54254 0 -0.25602 204 204 204 0
0.00782407 1.4748 0 2.51156 2.52815 -2.5 0 -0.240722 -2.51651 0 -0.242313 204 204 204 0
0.00784722 1.47917 0 2.51053 2.53095 -2.5 0 -0.229718 -2.52033 0 -0.231586 204 204 204 0
0.00787037 1.48353 0 2.50955 2.54422 -2.5 0 -0.218722 -2.53454 0 -0.221743 204 204 204 0
0.00789352 1.48789 0 2.50862 2.51015 -2.5 0 -0.207733 -2.50153 0 -0.20786 204 204 204 0
0.00791667 1.49226 0 2.50773 2.49688 -2.5 0 -0.196754 -2.48918 0 -0.195903 204 204 204 0
0.00793981 1.49662 0 2.50689 2.4965 -2.5 0 -0.185782 -2.48963 0 -0.185011 204 204 204 0
0.00796296 1.50098 0 2.5061 2.51583 -2.5 0 -0.174817 -2.5097 0 -0.175496 204 204 204 0
0.00798611 1.50535 0 2.50536 2.56611 -2.5 0 -0.163858 -2.56061 0 -0.167831 204 204 204 0
0.00800926 1.50971 0 2.50467 2.46938 -2.5 0 -0.152907 -2.46478 0 -0.150753 204 204 204 0
0.00803241 1.51407 0 2.50403 2.50901 -2.5 0 -0.14196 -2.50497 0 -0.142243 204 204 204 0
0.00805556 1.51844 0 2.50343 2.44024 -2.5 0 -0.13102 -2.4369 0 -0.127713 204 204 204 0
0.0080787 1.5228 0 2.50288 2.51034 -2.5 0 -0.120084 -2.50745 0 -0.120442 204 204 204 0
0.00810185 1.52716 0 2.50238 2.47798 -2.5 0 -0.109153 -2.47562 0 -0.108088 204 204 204 0
0.008125 1.53153 0 2.50193 2.50336 -2.5 0 -0.0982253 -2.50143 0 -0.0982813 204 204 204 0
0.00814815 1.53589 0 2.50152 2.47663 -2.5 0 -0.0873014 -2.47512 0 -0.0864325 204 204 204 0
0.0081713 1.54025 0 2.50117 2.54324 -2.5 0 -0.076382 -2.54206 0 -0.077667 204 204 204 0
0.00819444 1.54462 0 2.50086 2.53504 -2.5 0 -0.0654644 -2.53417 0 -0.0663593 204 204 204 0
0.00821759 1.54898 0 2.5006 2.54117 -2.5 0 -0.0545504 -2.54056 0 -0.0554355 204 204 204 0
0.00824074 1.55334 0 2.50038 2.53171 -2.5 0 -0.0436374 -2.53133 0 -0.0441842 204 204 204 0
0.00826389 1.55771 0 2.50021 2.55129 -2.5 0 -0.0327272 -2.55108 0 -0.0333958 204 204 204 0
0.00828704 1.56207 0 2.5001 2.523 -2.5 0 -0.021817 -2.5229 0 -0.0220169 204 204 204 0
0.00831019 1.56643 0 2.50002 2.4952 -2.5 0 -0.0109089 -2.49517 0 -0.0108878 204 204 204 0
0.00833333 1.5708 0 2.5 2.52047 -2.5 0 2.98122e-08 -2.52047 0 3.00563e-08 204 204 204 0
0.00835648 1.57516 0 2.50002 2.52346 -2.5 0 0.0109089 -2.52344 0 0.0110112 204 204 204 0
0.00837963 1.57952 0 2.5001 2.511 -2.5 0 0.0218171 -2.5109 0 0.0219122 204 204 204 0
0.00840278 1.58389 0 2.50021 2.46491 -2.5 0 0.0327272 -2.46469 0 0.032265 204 204 204 0
0.00842593 1.58825 0 2.50038 2.48629 -2.5 0 0.0436375 -2.48591 0 0.0433915 204 204 204 0
0.00844907 1.59261 0 2.5006 2.56369 -2.5 0 0.0545505 -2.56308 0 0.0559269 204 204 204 0
0.00847222 1.59698 0 2.50086 2.53671 -2.5 0 0.0654645 -2.53584 0 0.066403 204 204 204 0
0.00849537 1.60134 0 2.50117 2.53991 -2.5 0 0.0763821 -2.53873 0 0.0775654 204 204 204 0
0.00851852 1.6057 0 2.50152 2.47668 -2.5 0 0.0873014 -2.47517 0 0.0864345 204 204 204 0
0.00854167 1.61007 0 2.50193 2.5143 -2.5 0 0.0982253 -2.51236 0 0.0987111 204 204 204 0
0.00856481 1.61443 0 2.50238 2.5242 -2.5 0 0.109153 -2.52179 0 0.110104 204 204 204 0
0.00858796 1.61879 0 2.50288 2.49028 -2.5 0 0.120084 -2.48741 0 0.119479 204 204 204 0
0.00861111 1.62316 0 2.50343 2.53021 -2.5 0 0.13102 -2.52674 0 0.132421 204 204 204 0
0.00863426 1.62752 0 2.50403 2.46823 -2.5 0 0.14196 -2.46426 0 0.139931 204 204 204 0
0.00865741 1.63188 0 2.50467 2.53922 -2.5 0 0.152907 -2.53449 0 0.155016 204 204 204 0
0.00868056 1.63625 0 2.50536 2.4716 -2.5 0 0.163858 -2.4663 0 0.16165 204 204 204 0
0.0087037 1.64061 0 2.5061 2.5411 -2.5 0 0.174817 -2.53491 0 0.177258 204 204 204 0
0.00872685 1.64497 0 2.50689 2.57028 -2.5 0 0.185782 -2.56321 0 0.190479 204 204 204 0
0.00875 1.64934 0 2.50773 2.50267 -2.5 0 0.196754 -2.49496 0 0.196357 204 204 204 0
0.00877315 1.6537 0 2.50862 2.57671 -2.5 0 0.207733 -2.56786 0 0.213372 204 204 204 0
0.0087963 1.65806 0 2.50955 2.46702 -2.5 0 0.218722 -2.45764 0 0.215015 204 204 204 0
0.00881944 1.66243 0 2.51053 2.53342 -2.5 0 0.229718 -2.5228 0 0.231813 204 204 204 0
0.00884259 1.66679 0 2.51156 2.53892 -2.5 0 0.240722 -2.52723 0 0.243345 204 204 204 0
0.00886574 1.67115 0 2.51264 2.48042 -2.5 0 0.251737 -2.46793 0 0.248508 204 204 204 0
0.00888889 1.67552 0 2.51377 2.48972 -2.5 0 0.26276 -2.47608 0 0.260246 204 204 204 0
0.00891204 1.67988 0 2.51495 2.53938 -2.5 0 0.273795 -2.52429 0 0.276455 204 204 204 0
0.00893519 1.68424 0 2.51617 2.55461 -2.5 0 0.284839 -2.53819 0 0.28919 204 204 204 0
0.00895833 1.68861 0 2.51745 2.49769 -2.5 0 0.295895 -2.48038 0 0.293572 204 204 204 0
0.00898148 1.69297 0 2.51877 2.57413 -2.5 0 0.306961 -2.55494 0 0.313706 204 204 204 0
0.00900463 1.69733 0 2.52015 2.54725 -2.5 0 0.31804 -2.52689 0 0.321461 204 204 204 0
0.00902778 1.7017 0 2.52157 2.54456 -2.5 0 0.329132 -2.52279 0 0.332133 204 204 204 0
0.00905093 1.70606 0 2.52305 2.55497 -2.5 0 0.340235 -2.53163 0 0.34454 204 204 204 0
0.00907407 1.71042 0 2.52457 2.55375 -2.5 0 0.351353 -2.5289 0 0.355413 204 204 204 0
0.00909722 1.71479 0 2.52614 2.49023 -2.5 0 0.362483 -2.46446 0 0.357329 204 204 204 0
0.00912037 1.71915 0 2.52777 2.54463 -2.5 0 0.373628 -2.51668 0 0.37612 204 204 204 0
0.00914352 1.72351 0 2.52944 2.58276 -2.5 0 0.384786 -2.5527 0 0.392898 204 204 204 0
0.00916667 1.72788 0 2.53116 2.53131 -2.5 0 0.395961 -2.50015 0 0.395985 204 204 204 0
0.00918981 1.73224 0 2.53294 2.58991 -2.5 0 0.40715 -2.55623 0 0.416308 204 204 204 0
0.00921296 1.7366 0 2.53476 2.51546 -2.5 0 0.418357 -2.48096 0 0.415171 204 204 204 0
0.00923611 1.74097 0 2.53664 2.55577 -2.5 0 0.429579 -2.51885 0 0.432819 204 204 204 0
0.00925926 1.74533 0 2.53857 2.58635 -2.5 0 0.440817 -2.54706 0 0.449115 204 204 204 0
0.00928241 1.74969 0 2.54055 2.57946 -2.5 0 0.452074 -2.53829 0 0.458998 204 204 204 0
0.00930556 1.75406 0 2.54258 2.54547 -2.5 0 0.463347 -2.50285 0 0.463875 204 204 204 0
0.0093287 1.75842 0 2.54466 2.53396 -2.5 0 0.47464 -2.48949 0 0.472644 204 204 204 0
0.00935185 1.76278 0 2.54679 2.48809 -2.5 0 0.48595 -2.44238 0 0.47475 204 204 204 0
0.009375 1.76715 0 2.54898 2.58186 -2.5 0 0.497281 -2.53225 0 0.503696 204 204 204 0
0.00939815 1.77151 0 2.55122 2.56764 -2.5 0 0.50863 -2.51609 0 0.511904 204 204 204 0
0.0094213 1.77587 0 2.55351 2.55537 -2.5 0 0.520001 -2.50182 0 0.52038 204 204 204 0
0.00944444 1.78024 0 2.55585 2.53933 -2.5 0 0.531391 -2.48384 0 0.527955 204 204 204 0
0.00946759 1.7846 0 2.55825 2.53831 -2.5 0 0.542803 -2.48051 0 0.538572 204 204 204 0
0.00949074 1.78896 0 2.5607 2.57155 -2.5 0 0.554237 -2.51059 0 0.556585 204 204 204 0
0.00951389 1.79333 0 2.5632 2.60005 -2.5 0 0.565692 -2.53594 0 0.573824 204 204 204 0
0.00953704 1.79769 0 2.56576 2.5646 -2.5 0 0.577171 -2.49887 0 0.57691 204 204 204 0
0.00956019 1.80205 0 2.56837 2.55994 -2.5 0 0.588672 -2.4918 0 0.58674 204 204 204 0
0.00958333 1.80642 0 2.57104 2.57004 -2.5 0 0.600197 -2.49903 0 0.599965 204 204 204 0
0.00960648 1.81078 0 2.57376 2.56769 -2.5 0 0.611746 -2.4941 0 0.610303 204 204 204 0
0.00962963 1.81514 0 2.57653 2.62074 -2.5 0 0.62332 -2.54289 0 0.634014 204 204 204 0
0.00965278 1.81951 0 2.57936 2.60305 -2.5 0 0.634919 -2.52296 0 0.64075 204 204 204 0
0.00967593 1.82387 0 2.58225 2.60164 -2.5 0 0.646544 -2.51877 0 0.651399 204 204 204 0
0.00969907 1.82823 0 2.58519 2.60113 -2.5 0 0.658196 -2.51541 0 0.662252 204 204 204 0
0.00972222 1.8326 0 2.58819 2.63525 -2.5 0 0.669873 -2.54546 0 0.682054 204 204 204 0
0.00974537 1.83696 0 2.59124 2.63544 -2.5 0 0.681579 -2.54264 0 0.693204 204 204 204 0
0.00976852 1.84132 0 2.59436 2.61802 -2.5 0 0.693311 -2.52281 0 0.699636 204 204 204 0
0.00979167 1.84569 0 2.59752 2.58931 -2.5 0 0.705073 -2.4921 0 0.702845 204 204 204 0
0.00981481 1.85005 0 2.60075 2.60898 -2.5 0 0.716863 -2.50791 0 0.719132 204 204 204 0
0.00983796 1.85441 0 2.60403 2.67433 -2.5 0 0.728684 -2.56749 0 0.748354 204 204 204 0
0.00986111 1.85878 0 2.60737 2.62938 -2.5 0 0.740533 -2.5211 0 0.746783 204 204 204 0
0.00988426 1.86314 0 2.61077 2.65174 -2.5 0 0.752415 -2.53923 0 0.764223 204 204 204 0
0.00990741 1.8675 0 2.61423 2.62571 -2.5 0 0.764327 -2.51098 0 0.767684 204 204 204 0
0.00993056 1.87187 0 2.61775 2.61085 -2.5 0 0.776271 -2.49342 0 0.774226 204 204 204 0
0.0099537 1.87623 0 2.62132 2.63418 -2.5 0 0.788247 -2.51226 0 0.792113 204 204 204 0
0.00997685 1.88059 0 2.62496 2.65131 -2.5 0 0.800256 -2.5251 0 0.808291 204 204 204 0
0.01 1.88496 0 2.62866 2.63707 -2.5 0 0.8123 -2.508 0 0.8149 204 204 204 0
0.0100231 1.88932 0 2.63241 2.66982 -2.5 0 0.824376 -2.53552 0 0.836089 204 204 204 0
0.0100463 1.89368 0 2.63623 2.60935 -2.5 0 0.836488 -2.47451 0 0.82796 204 204 204 0
0.0100694 1.89805 0 2.64011 2.66852 -2.5 0 0.848635 -2.52691 0 0.857768 204 204 204 0
0.0100926 1.90241 0 2.64405 2.70458 -2.5 0 0.860819 -2.55723 0 0.880526 204 204 204 0
0.0101157 1.90677 0 2.64806 2.66118 -2.5 0 0.87304 -2.51239 0 0.877368 204 204 204 0
0.0101389 1.91114 0 2.65212 2.60717 -2.5 0 0.885296 -2.45762 0 0.87029 204 204 204 0
0.010162 1.9155 0 2.65625 2.64855 -2.5 0 0.897592 -2.49275 0 0.894991 204 204 204 0
0.0101852 1.91986 0 2.66044 2.63978 -2.5 0 0.909925 -2.48058 0 0.902857 204 204 204 0
0.0102083 1.92423 0 2.6647 2.68289 -2.5 0 0.922299 -2.51706 0 0.928595 204 204 204 0
0.0102315 1.92859 0 2.66902 2.66845 -2.5 0 0.934711 -2.49946 0 0.93451 204 204 204 0
0.0102546 1.93295 0 2.67341 2.68984 -2.5 0 0.947166 -2.51536 0 0.952985 204 204 204 0
0.0102778 1.93732 0 2.67786 2.65879 -2.5 0 0.95966 -2.48219 0 0.952824 204 204 204 0
0.0103009 1.94168 0 2.68238 2.71664 -2.5 0 0.972197 -2.53193 0 0.984613 204 204 204 0
0.0103241 1.94604 0 2.68697 2.66388 -2.5 0 0.984776 -2.47852 0 0.976314 204 204 204 0
0.0103472 1.95041 0 2.69162 2.66627 -2.5 0 0.997399 -2.47646 0 0.988008 204 204 204 0
0.0103704 1.95477 0 2.69634 2.71399 -2.5 0 1.01007 -2.51637 0 1.01668 204 204 204 0
0.0103935 1.95913 0 2.70112 2.73097 -2.5 0 1.02278 -2.52762 0 1.03408 204 204 204 0
0.0104167 1.9635 0 2.70598 2.74827 -2.5 0 1.03553 -2.53907 0 1.05172 204 204 204 0
0.0104398 1.96786 0 2.71091 2.75541 -2.5 0 1.04834 -2.54104 0 1.06555 204 204 204 0
0.010463 1.97222 0 2.7159 2.71352 -2.5 0 1.06119 -2.49781 0 1.06026 204 204 204 0
0.0104861 1.97659 0 2.72097 2.68011 -2.5 0 1.07408 -2.46246 0 1.05796 204 204 204 0
0.0105093 1.98095 0 2.7261 2.74494 -2.5 0 1.08703 -2.51727 0 1.09454 204 204 204 0
0.0105324 1.98531 0 2.73131 2.70127 -2.5 0 1.10003 -2.47251 0 1.08793 204 204 204 0
0.0105556 1.98968 0 2.73659 2.72186 -2.5 0 1.11307 -2.48655 0 1.10708 204 204 204 0
0.0105787 1.99404 0 2.74194 2.77921 -2.5 0 1.12617 -2.53397 0 1.14147 204 204 204 0
0.0106019 1.9984 0 2.74737 2.74074 -2.5 0 1.13932 -2.49397 0 1.13657 204 204 204 0
0.010625 2.00277 0 2.75287 2.78918 -2.5 0 1.15252 -2.53297 0 1.16772 204 204 204 0
0.0106481 2.00713 0 2.75844 2.78952 -2.5 0 1.16577 -2.52817 0 1.1789 204 204 204 0
0.0106713 2.01149 0 2.7641 2.75116 -2.5 0 1.17908 -2.4883 0 1.17356 204 204 204 0
0.0106944 2.01586 0 2.76982 2.75494 -2.5 0 1.19244 -2.48657 0 1.18603 204 204 204 0
0.0107176 2.02022 0 2.77562 2.79288 -2.5 0 1.20586 -2.51554 0 1.21335 204 204 204 0
0.0107407 2.02458 0 2.7815 2.77348 -2.5 0 1.21933 -2.49279 0 1.21581 204 204 204 0
0.0107639 2.02895 0 2.78746 2.82272 -2.5 0 1.23286 -2.53162 0 1.24846 204 204 204 0
0.010787 2.03331 0 2.7935 2.79535 -2.5 0 1.24645 -2.50166 0 1.24728 204 204 204 0
0.0108102 2.03767 0 2.79962 2.78356 -2.5 0 1.2601 -2.48566 0 1.25288 204 204 204 0
0.0108333 2.04204 0 2.80582 2.85833 -2.5 0 1.27381 -2.54679 0 1.29766 204 204 204 0
0.0108565 2.0464 0 2.81209 2.8247 -2.5 0 1.28758 -2.5112 0 1.29336 204 204 204 0
0.0108796 2.05076 0 2.81846 2.87972 -2.5 0 1.30142 -2.55434 0 1.32971 204 204 204 0
0.0109028 2.05513 0 2.8249 2.81601 -2.5 0 1.31531 -2.49214 0 1.31118 204 204 204 0
0.0109259 2.05949 0 2.83143 2.89867 -2.5 0 1.32927 -2.55937 0 1.36084 204 204 204 0
0.0109491 2.06385 0 2.83804 2.83463 -2.5 0 1.3433 -2.497 0 1.34168 204 204 204 0
0.0109722 2.06822 0 2.84473 2.87731 -2.5 0 1.35739 -2.52863 0 1.37293 204 204 204 0
0.0109954 2.07258 0 2.85152 2.85576 -2.5 0 1.37155 -2.50372 0 1.37359 204 204 204 0
0.0110185 2.07694 0 2.85838 2.82968 -2.5 0 1.38577 -2.4749 0 1.37186 204 204 204 0
0.0110417 2.08131 0 2.86534 2.83716 -2.5 0 1.40007 -2.47541 0 1.3863 204 204 204 0
0.0110648 2.08567 0 2.87239 2.87696 -2.5 0 1.41443 -2.50398 0 1.41668 204 204 204 0
0.011088 2.09003 0 2.87953 2.88556 -2.5 0 1.42887 -2.50524 0 1.43186 204 204 204 0
0.0111111 2.0944 0 2.88675 2.88187 -2.5 0 1.44338 -2.49577 0 1.44093 204 204 204 0
0.0111343 2.09876 0 2.89407 2.89414 -2.5 0 1.45796 -2.50006 0 1.45799 204 204 204 0
0.0111574 2.10312 0 2.90148 2.92574 -2.5 0 1.47261 -2.5209 0 1.48492 204 204 204 0
0.0111806 2.10749 0 2.90898 2.90731 -2.5 0 1.48734 -2.49856 0 1.48649 204 204 204 0
0.0112037 2.11185 0 2.91658 2.9151 -2.5 0 1.50215 -2.49873 0 1.50139 204 204 204 0
0.0112269 2.11621 0 2.92428 2.91859 -2.5 0 1.51704 -2.49514 0 1.51409 204 204 204 0
0.01125 2.12058 0 2.93207 2.9691 -2.5 0 1.532 -2.53157 0 1.55135 204 204 204 0
0.0112731 2.12494 0 2.93996 2.95489 -2.5 0 1.54705 -2.5127 0 1.5549 204 204 204 0
0.0112963 2.1293 0 2.94795 2.92159 -2.5 0 1.56217 -2.47765 0 1.54821 204 204 204 0
0.0113194 2.13367 0 2.95603 2.93112 -2.5 0 1.57738 -2.47893 0 1.56409 204 204 204 0
0.0113426 2.13803 0 2.96422 3.01963 -2.5 0 1.59268 -2.54673 0 1.62245 204 204 204 0
0.0113657 2.14239 0 2.97251 2.98472 -2.5 0 1.60805 -2.51026 0 1.61466 204 204 204 0
0.0113889 2.14675 0 2.98091 2.98252 -2.5 0 1.62352 -2.50135 0 1.6244 204 204 204 0
0.011412 2.15112 0 2.98941 3.01043 -2.5 0 1.63907 -2.51758 0 1.6506 204 204 204 0
0.0114352 2.15548 0 2.99801 3.01532 -2.5 0 1.65471 -2.51443 0 1.66427 204 204 204 0
0.0114583 2.15984 0 3.00673 3.05063 -2.5 0 1.67045 -2.53651 0 1.69484 204 204 204 0
0.0114815 2.16421 0 3.01554 3.04326 -2.5 0 1.68627 -2.52298 0 1.70177 204 204 204 0
0.0115046 2.16857 0 3.02448 3.08991 -2.5 0 1.70219 -2.55409 0 1.73902 204 204 204 0
0.0115278 2.17293 0 3.03352 3.08322 -2.5 0 1.7182 -2.54097 0 1.74636 204 204 204 0
0.0115509 2.1773 0 3.04267 3.06418 -2.5 0 1.73431 -2.51768 0 1.74658 204 204 204 0
0.0115741 2.18166 0 3.05194 3.07319 -2.5 0 1.75052 -2.51741 0 1.76271 204 204 204 0
0.0115972 2.18602 0 3.06132 3.0985 -2.5 0 1.76683 -2.53036 0 1.78828 204 204 204 0
0.0116204 2.19039 0 3.07082 3.05811 -2.5 0 1.78323 -2.48966 0 1.77586 204 204 204 0
0.0116435 2.19475 0 3.08043 3.12526 -2.5 0 1.79974 -2.53638 0 1.82593 204 204 204 0
0.0116667 2.19911 0 3.09017 3.06357 -2.5 0 1.81636 -2.47848 0 1.80072 204 204 204 0
0.0116898 2.20348 0 3.10003 3.05021 -2.5 0 1.83308 -2.45983 0 1.80362 204 204 204 0
0.011713 2.20784 0 3.11001 3.12985 -2.5 0 1.8499 -2.51595 0 1.8617 204 204 204 0
0.0117361 2.2122 0 3.12011 3.11226 -2.5 0 1.86684 -2.49371 0 1.86214 204 204 204 0
0.0117593 2.21657 0 3.13034 3.1392 -2.5 0 1.88389 -2.50707 0 1.88922 204 204 204 0
0.0117824 2.22093 0 3.1407 3.18068 -2.5 0 1.90104 -2.53183 0 1.92524 204 204 204 0
0.0118056 2.22529 0 3.15118 3.15769 -2.5 0 1.91832 -2.50516 0 1.92228 204 204 204 0
0.0118287 2.22966 0 3.1618 3.18134 -2.5 0 1.93571 -2.51546 0 1.94767 204 204 204 0
0.0118519 2.23402 0 3.17255 3.17062 -2.5 0 1.95321 -2.49848 0 1.95203 204 204 204 0
0.011875 2.23838 0 3.18343 3.18074 -2.5 0 1.97084 -2.49789 0 1.96917 204 204 204 0
0.0118981 2.24275 0 3.19445 3.22354 -2.5 0 1.98859 -2.52277 0 2.0067 204 204 204 0
0.0119213 2.24711 0 3.2056 3.23614 -2.5 0 2.00646 -2.52382 0 2.02558 204 204 204 0
0.0119444 2.25147 0 3.2169 3.22052 -2.5 0 2.02446 -2.50281 0 2.02674 204 204 204 0
0.0119676 2.25584 0 3.22834 3.22993 -2.5 0 2.04259 -2.50123 0 2.04359 204 204 204 0
0.0119907 2.2602 0 3.23992 3.26979 -2.5 0 2.06084 -2.52305 0 2.07984 204 204 204 0
0.0120139 2.26456 0 3.25164 3.2699 -2.5 0 2.07923 -2.51403 0 2.0909 204 204 204 0
0.012037 2.26893 0 3.26352 3.30948 -2.5 0 2.09775 -2.53521 0 2.12729 204 204 204 0
0.0120602 2.27329 0 3.27554 3.27515 -2.5 0 2.11641 -2.4997 0 2.11616 204 204 204 0
0.0120833 2.27765 0 3.28772 3.26833 -2.5 0 2.1352 -2.48526 0 2.12261 204 204 204 0
0.0121065 2.28202 0 3.30005 3.34014 -2.5 0 2.15414 -2.53038 0 2.18031 204 204 204 0
0.0121296 2.28638 0 3.31253 3.33946 -2.5 0 2.17322 -2.52032 0 2.19088 204 204 204 0
0.0121528 2.29074 0 3.32518 3.33874 -2.5 0 2.19244 -2.51019 0 2.20138 204 204 204 0
0.0121759 2.29511 0 3.33798 3.33753 -2.5 0 2.21181 -2.49966 0 2.21152 204 204 204 0
0.0121991 2.29947 0 3.35095 3.36115 -2.5 0 2.23133 -2.50761 0 2.23813 204 204 204 0
0.0122222 2.30383 0 3.36408 3.30277 -2.5 0 2.25101 -2.45444 0 2.20999 204 204 204 0
0.0122454 2.3082 0 3.37738 3.44036 -2.5 0 2.27084 -2.54661 0 2.31318 204 204 204 0
0.0122685 2.31256 0 3.39085 3.4318 -2.5 0 2.29083 -2.53018 0 2.31849 204 204 204 0
0.0122917 2.31692 0 3.4045 3.4163 -2.5 0 2.31098 -2.50867 0 2.31899 204 204 204 0
0.0123148 2.32129 0 3.41832 3.41226 -2.5 0 2.33129 -2.49557 0 2.32716 204 204 204 0
0.012338 2.32565 0 3.43232 3.46823 -2.5 0 2.35176 -2.52616 0 2.37637 204 204 204 0
0.0123611 2.33001 0 3.4465 3.47665 -2.5 0 2.37241 -2.52187 0 2.39317 204 204 204 0
0.0123843 2.33438 0 3.46086 3.47293 -2.5 0 2.39323 -2.50872 0 2.40158 204 204 204 0
0.0124074 2.33874 0 3.47541 3.51853 -2.5 0 2.41422 -2.53102 0 2.44417 204 204 204 0
0.0124306 2.3431 0 3.49015 3.52459 -2.5 0 2.43539 -2.52467 0 2.45943 204 204 204 0
0.0124537 2.34747 0 3.50508 3.54833 -2.5 0 2.45674 -2.53085 0 2.48706 204 204 204 0
0.0124769 2.35183 0 3.52021 3.54571 -2.5 0 2.47828 -2.51811 0 2.49623 204 204 204 0
